1548266187.119290 0.000000000 0.000000000 0.000000000 0.000000000 0.000000000 0.000000000 1.000000000
1548266187.152060 0.002891377 0.008824779 0.000943437 0.000685893 0.001235647 -0.001299335 0.999998152
1548266187.185580 -0.001454435 0.008325615 0.001611785 -0.000586901 0.004821496 -0.000680202 0.999987960
1548266187.218520 0.006133534 0.010456654 0.001370069 -0.001058290 0.006735205 -0.000726190 0.999976516
1548266187.252040 0.003719843 0.017364219 0.001631087 -0.000682315 0.011650253 0.001807744 0.999930263
1548266187.285550 -0.000726895 0.023225611 0.007880883 -0.001087680 0.015480743 0.003334042 0.999873996
1548266187.319050 0.000134991 0.026959952 0.009638096 -0.001358360 0.015721874 0.005265520 0.999861598
1548266187.352560 0.012970391 0.032479830 0.008119917 -0.001132060 0.016198026 0.003954814 0.999860346
1548266187.385160 0.016902894 0.035851091 0.008686805 -0.001728445 0.023506112 0.006790877 0.999699116
1548266187.418680 0.016493151 0.041938804 0.011715480 -0.001327439 0.031585671 0.009534114 0.999454677
1548266187.452190 0.007012048 0.045081794 0.018968077 -0.001256724 0.039016191 0.015281178 0.999120951
1548266187.485710 0.016913502 0.050696693 0.017912801 -0.000010152 0.039219994 0.017305501 0.999080718
1548266187.519230 0.021064900 0.051961396 0.017069725 -0.000161413 0.044834893 0.022091920 0.998750091
1548266187.552890 0.022455784 0.054404605 0.019878510 0.000293588 0.050558139 0.026464958 0.998370349
1548266187.586410 0.032076593 0.055359710 0.023880411 0.001006153 0.054270919 0.029891932 0.998078227
1548266187.619920 0.036847893 0.051983062 0.022173677 0.001328898 0.061268181 0.032663301 0.997585833
1548266187.653390 0.037810873 0.053023554 0.025758605 0.003259998 0.069129147 0.034210898 0.997015595
1548266187.686910 0.048699431 0.046023328 0.022831379 0.004381455 0.075203590 0.036195196 0.996501446
1548266187.720470 0.054705389 0.046043962 0.025267055 0.007831458 0.082758687 0.037794061 0.995821893
1548266187.754230 0.052531362 0.037560645 0.019792607 0.009538126 0.091340728 0.039395880 0.994994402
1548266187.787750 0.046231557 0.035887521 0.024350375 0.013002370 0.097716607 0.039683037 0.994337797
1548266187.821340 0.059278391 0.030886116 0.021219147 0.015647143 0.100843884 0.039664667 0.993988097
1548266187.854930 0.062658899 0.039492123 0.022739435 0.020654716 0.107839108 0.043307807 0.993009865
1548266187.888450 0.058287155 0.029823387 0.025790039 0.021162508 0.114815541 0.045065898 0.992138386
1548266187.921890 0.062576808 0.023897773 0.019528035 0.021921957 0.115961984 0.045377452 0.991974354
1548266187.955330 0.066632070 0.023351476 0.024757504 0.023552714 0.118787594 0.047291968 0.991513133
1548266187.988830 0.077639535 0.025876064 0.019365419 0.025174817 0.120697796 0.050649259 0.991076648
1548266188.022290 0.078317612 0.019186322 0.022264287 0.024246400 0.124381885 0.052413158 0.990552425
1548266188.055850 0.084344618 0.010758032 0.028370416 0.023627203 0.127490729 0.054106712 0.990081012
1548266188.089380 0.089129649 0.001634442 0.031131800 0.023919839 0.130707875 0.054664217 0.989623725
1548266188.122910 0.088530593 -0.006388019 0.033362348 0.025777258 0.135420114 0.055033311 0.988922775
1548266188.156460 0.084236898 -0.015655547 0.039503399 0.028834771 0.137453705 0.055186532 0.988549173
1548266188.189970 0.092426397 -0.026246840 0.038600098 0.032090876 0.135823205 0.053632215 0.988759756
1548266188.223490 0.100437626 -0.036691308 0.037958991 0.035835132 0.136289164 0.054273158 0.988532007
1548266188.257010 0.103679977 -0.042140201 0.040640727 0.041576847 0.135962665 0.056016609 0.988254845
1548266188.290520 0.106110983 -0.051767822 0.045911908 0.045809422 0.134718284 0.056193646 0.988228083
1548266188.324040 0.119542316 -0.064454116 0.043086067 0.049177002 0.133342460 0.057211000 0.988194466
1548266188.357550 0.127980292 -0.067119442 0.043542180 0.054067224 0.132355228 0.058741361 0.987981915
1548266188.391070 0.124233015 -0.073382758 0.055073146 0.057782426 0.132163852 0.059015542 0.987780869
1548266188.424590 0.135625526 -0.084552847 0.053178895 0.059902418 0.128987953 0.058892269 0.988081753
1548266188.458100 0.144341484 -0.093663476 0.058639627 0.061705027 0.128390670 0.060586214 0.987946212
1548266188.491620 0.153447613 -0.110029437 0.058520075 0.062772118 0.125712588 0.062049400 0.988132536
1548266188.525130 0.163763270 -0.118517011 0.060633246 0.065012485 0.122458175 0.063248567 0.988320291
1548266188.558650 0.174479514 -0.129018456 0.062841028 0.066238157 0.121454000 0.064421527 0.988287032
1548266188.592170 0.180370837 -0.138081059 0.060637038 0.068470947 0.120543078 0.066298015 0.988122284
1548266188.625710 0.188381046 -0.143037781 0.062520929 0.071762435 0.118222229 0.066686220 0.988143027
1548266188.659220 0.200796470 -0.150698826 0.058204520 0.073731095 0.117037006 0.066499867 0.988151729
1548266188.692740 0.204750225 -0.158774391 0.062190149 0.075675227 0.118462570 0.067318507 0.987779379
1548266188.726250 0.205516726 -0.165188596 0.064211190 0.077989846 0.119056717 0.068007573 0.987480640
1548266188.759770 0.220678344 -0.167973354 0.054821592 0.079531997 0.116949044 0.066852018 0.987688422
1548266188.793290 0.224461272 -0.173473507 0.053531650 0.080741547 0.118232496 0.066488490 0.987461984
1548266188.827110 0.225739524 -0.177616388 0.055998452 0.082387365 0.119342111 0.066905491 0.987164378
1548266188.860700 0.229061499 -0.182310417 0.056419298 0.083485357 0.119239785 0.066676751 0.987099946
1548266188.894240 0.236378431 -0.191335499 0.054077465 0.083046079 0.119260110 0.064873338 0.987254679
1548266188.927750 0.238030016 -0.194363505 0.058573052 0.084037960 0.122042023 0.065312468 0.986801744
1548266188.961270 0.232786939 -0.198027328 0.062574990 0.084471442 0.123964317 0.064413868 0.986584127
1548266188.994780 0.241741613 -0.209868491 0.057457894 0.083497681 0.123994388 0.062547900 0.986783326
1548266189.028300 0.248047501 -0.213238120 0.058849256 0.084723838 0.127246797 0.063511834 0.986203015
1548266189.061860 0.237034321 -0.222008333 0.066952154 0.085170023 0.132287413 0.064240098 0.985453844
1548266189.095330 0.242762640 -0.226833582 0.065919258 0.086396553 0.132123023 0.065093316 0.985313177
1548266189.128820 0.251152217 -0.232854858 0.063207500 0.087110154 0.133708999 0.065431803 0.985013902
1548266189.162270 0.245551854 -0.235921144 0.070455447 0.088549666 0.138242155 0.067274310 0.984135270
1548266189.195510 0.248387322 -0.242366716 0.074316747 0.089156963 0.138951182 0.067928821 0.983935595
1548266189.228860 0.252194226 -0.246326178 0.075468436 0.089624509 0.141085222 0.068081424 0.983578861
1548266189.262380 0.254490197 -0.253909409 0.082990102 0.089868762 0.144365788 0.069467902 0.982983410
1548266189.295890 0.251291931 -0.257778347 0.085715160 0.090843804 0.147623807 0.070340566 0.982347608
1548266189.329410 0.255241364 -0.261754155 0.086552151 0.091576278 0.150683403 0.071182474 0.981754243
1548266189.362930 0.257334322 -0.266140968 0.090730600 0.092353448 0.153895721 0.072796203 0.981064558
1548266189.396440 0.265312672 -0.271935254 0.092456765 0.092379965 0.156194285 0.073395267 0.980654061
1548266189.430100 0.275951833 -0.270969212 0.100551687 0.093320481 0.160589069 0.072843462 0.979896069
1548266189.463630 0.278989464 -0.278648973 0.111949608 0.093912713 0.167057082 0.074276052 0.978649795
1548266189.497150 0.281724840 -0.276405543 0.109611087 0.096683234 0.170745492 0.074386217 0.977734625
1548266189.530670 0.282506496 -0.281585813 0.112168416 0.097304448 0.176763520 0.073538251 0.976667106
1548266189.564160 0.286982208 -0.278925151 0.112290703 0.098289341 0.182862341 0.073423058 0.975453556
1548266189.597700 0.287785411 -0.277884841 0.116499968 0.098937482 0.188757360 0.073877551 0.974229991
1548266189.631270 0.294115305 -0.272733003 0.117245503 0.098763503 0.193251476 0.073932633 0.973362029
1548266189.664780 0.289443254 -0.262346685 0.124734528 0.098795317 0.199601874 0.074471481 0.972035289
1548266189.698320 0.301289141 -0.270065606 0.109556474 0.094635978 0.201693207 0.077218577 0.971803010
1548266189.731830 0.290207446 -0.252724826 0.121396929 0.092963606 0.210080266 0.076649152 0.970231414
1548266189.765330 0.306212395 -0.264559954 0.119652219 0.088156573 0.213684708 0.083609201 0.969317675
1548266189.798850 0.302715003 -0.265779674 0.128732279 0.086281814 0.217783496 0.087670840 0.968214631
1548266189.832340 0.316228271 -0.264180332 0.123431660 0.084100954 0.217918828 0.091050461 0.968064129
1548266189.865830 0.318613559 -0.263490915 0.128231242 0.082142800 0.220618859 0.095474549 0.967194140
1548266189.899340 0.316684932 -0.254884779 0.134529352 0.081020609 0.223868310 0.097900845 0.966299176
1548266189.932820 0.332579464 -0.250792921 0.136762306 0.078699216 0.225036666 0.100470603 0.965955794
1548266189.966330 0.339234948 -0.249408185 0.139143378 0.075809047 0.227990672 0.102674872 0.965262175
1548266189.999860 0.342838675 -0.243812978 0.144607946 0.074321084 0.231467798 0.104745857 0.964327395
1548266190.033370 0.351637363 -0.240208983 0.141616032 0.071811609 0.232864216 0.108092517 0.963811874
1548266190.066950 0.358884364 -0.234912857 0.150574923 0.069364995 0.235244498 0.110181674 0.963176310
1548266190.100400 0.367385209 -0.234165043 0.151530012 0.065894216 0.237136155 0.111902647 0.962757587
1548266190.133550 0.370671540 -0.224562541 0.156165764 0.063312180 0.240626842 0.113927811 0.961826801
1548266190.166860 0.378546745 -0.225321472 0.163199633 0.059598286 0.243028447 0.117329650 0.961050928
1548266190.200370 0.394115448 -0.225857913 0.162494808 0.056261774 0.242761776 0.118959725 0.961119115
1548266190.233890 0.407672524 -0.217625424 0.164799675 0.054243434 0.244403780 0.119961374 0.960694432
1548266190.267410 0.407264322 -0.220622599 0.171363577 0.050915040 0.248825997 0.121125668 0.959594667
1548266190.300920 0.413821727 -0.220532507 0.174987569 0.048879426 0.250436157 0.122306630 0.959131718
1548266190.334440 0.423395783 -0.213205040 0.179138824 0.047527142 0.251803100 0.121927314 0.958890021
1548266190.367940 0.435024172 -0.211021215 0.180841058 0.044521179 0.253411502 0.121758625 0.958631992
1548266190.401680 0.441436440 -0.210402399 0.185304642 0.041148115 0.257675350 0.122654639 0.957531214
1548266190.435250 0.446366280 -0.209476113 0.190848604 0.039607689 0.259846777 0.124277040 0.956799924
1548266190.468880 0.454612911 -0.202125728 0.193035752 0.038747512 0.260400355 0.124773256 0.956620038
1548266190.502390 0.469374269 -0.200527638 0.188355193 0.036682069 0.261576533 0.126833886 0.956109464
1548266190.535840 0.475824535 -0.196435168 0.191919148 0.035715602 0.264129996 0.128989995 0.955155134
1548266190.569350 0.485681623 -0.190395460 0.195728868 0.034467299 0.265741348 0.130159900 0.954595208
1548266190.602870 0.492868543 -0.189203188 0.195439011 0.033193707 0.268123776 0.132186800 0.953695178
1548266190.636450 0.505981088 -0.185512304 0.193270728 0.032305915 0.268623859 0.133668303 0.953378379
1548266190.669970 0.506852090 -0.180136442 0.198537022 0.030969568 0.273005575 0.133647352 0.952180266
1548266190.703480 0.516355693 -0.176302716 0.196845397 0.029857062 0.276115656 0.135004714 0.951126933
1548266190.736950 0.519540131 -0.175010398 0.197249755 0.028748933 0.280109882 0.135926381 0.949861050
1548266190.770460 0.527703106 -0.161526829 0.197379485 0.029283265 0.282968879 0.135905579 0.948999882
1548266190.803990 0.530768096 -0.161099866 0.198097304 0.027136143 0.286736399 0.136863023 0.947794497
1548266190.837550 0.538201213 -0.163415015 0.191783592 0.025136858 0.289560944 0.139197379 0.946650267
1548266190.871070 0.540509284 -0.162618920 0.190999627 0.024832496 0.292136282 0.139878213 0.945766270
1548266190.904600 0.549826324 -0.155194044 0.189413920 0.025784587 0.294382781 0.139552027 0.945092142
1548266190.938120 0.552914858 -0.150561258 0.185661837 0.026743958 0.298283488 0.140765026 0.943661451
1548266190.971640 0.552769840 -0.150358185 0.181383625 0.027153108 0.301241547 0.141052887 0.942666590
1548266191.005200 0.557483912 -0.145907402 0.168306738 0.027901808 0.303038090 0.140672281 0.942125618
1548266191.038750 0.556067228 -0.136431679 0.169538155 0.028422970 0.309165955 0.139506519 0.940290630
1548266191.072270 0.555298209 -0.132635266 0.164402306 0.027633704 0.314927548 0.141254827 0.938138604
1548266191.105740 0.562957764 -0.131201625 0.156512678 0.026141196 0.319327146 0.143124878 0.936409116
1548266191.139260 0.567678690 -0.117987625 0.153698444 0.026401032 0.326245517 0.146792486 0.933444619
1548266191.172820 0.572284162 -0.111235276 0.147561565 0.025257653 0.331594795 0.151421532 0.930848241
1548266191.206370 0.575347960 -0.105922148 0.143601999 0.024263093 0.336966544 0.156519175 0.928098381
1548266191.240000 0.589336514 -0.096062444 0.128862590 0.022971278 0.340325922 0.161972851 0.925967276
1548266191.273620 0.584740996 -0.102852806 0.136299670 0.019454679 0.350058913 0.168928921 0.921164095
1548266191.307270 0.593347609 -0.094109096 0.118180990 0.018008733 0.354588985 0.174069509 0.918499947
1548266191.340790 0.599214196 -0.089771673 0.112942219 0.016528681 0.361716926 0.178882957 0.914816141
1548266191.374300 0.604936004 -0.084010541 0.103181742 0.015695605 0.368689984 0.184467450 0.910929799
1548266191.407890 0.609209538 -0.082065575 0.100302562 0.014996538 0.376054436 0.189168319 0.906958401
1548266191.441340 0.601974964 -0.069954149 0.100892000 0.017452672 0.384467661 0.192494258 0.902677119
1548266191.474850 0.608257294 -0.068542123 0.088571183 0.016641069 0.390810788 0.196740568 0.899045706
1548266191.508370 0.601946652 -0.076235898 0.086350366 0.016408034 0.398482323 0.204751089 0.893878937
1548266191.541860 0.600459695 -0.070804372 0.083700880 0.018424695 0.404456645 0.207646534 0.890482068
1548266191.575370 0.611459374 -0.061179031 0.064056799 0.020137323 0.407027990 0.212030619 0.888237417
1548266191.608890 0.616957188 -0.051484801 0.046669453 0.021518834 0.410833448 0.214733019 0.885800540
1548266191.642400 0.610118389 -0.046187550 0.055353280 0.023125306 0.418771118 0.216720939 0.881548643
1548266191.675910 0.612095356 -0.047425613 0.034586474 0.022311985 0.422269791 0.218176946 0.879539192
1548266191.709400 0.607921481 -0.048926052 0.027825369 0.021871997 0.429182857 0.219358414 0.875902712
1548266191.742920 0.600481689 -0.053343173 0.031393915 0.022434527 0.436398953 0.221253410 0.871836901
1548266191.776210 0.597914159 -0.045878977 0.026626723 0.024743875 0.441652745 0.222426072 0.868825197
1548266191.809670 0.603744984 -0.043176223 0.017323419 0.026634937 0.445311338 0.224590763 0.866341352
1548266191.843180 0.602919817 -0.043003134 -0.000675240 0.027179921 0.449181110 0.225560948 0.864071667
1548266191.876690 0.603122771 -0.039250433 -0.007425484 0.028892765 0.453864336 0.227369994 0.861089587
1548266191.910210 0.601347268 -0.033287711 -0.006461317 0.031680748 0.460122079 0.228025779 0.857489526
1548266191.943720 0.602356434 -0.034614176 -0.018012878 0.033670142 0.463836670 0.230107531 0.854852259
1548266191.977240 0.603357732 -0.036533624 -0.030959738 0.034930062 0.466897458 0.231326327 0.852804065
1548266192.010720 0.593414843 -0.042975850 -0.024329351 0.036082730 0.473963916 0.232024416 0.848658323
1548266192.044270 0.594115198 -0.040490575 -0.029386943 0.039063081 0.477519900 0.233338386 0.846168995
1548266192.077800 0.601345837 -0.035303563 -0.048705805 0.041486934 0.478348732 0.234559342 0.845247447
1548266192.111300 0.603253484 -0.036215585 -0.060227130 0.043356106 0.481486589 0.235327959 0.843155801
1548266192.144780 0.590485156 -0.061425541 -0.046068352 0.042711180 0.488690436 0.238146022 0.838238597
1548266192.178300 0.610334277 -0.050708652 -0.081619158 0.046498265 0.483916938 0.238906682 0.840586603
1548266192.211820 0.603728950 -0.050526757 -0.081848212 0.050289989 0.487969458 0.238591716 0.838111401
1548266192.245240 0.606165588 -0.055911802 -0.090569325 0.052256439 0.489869148 0.239390746 0.836653769
1548266192.278800 0.605942547 -0.060343545 -0.096577480 0.055354871 0.491721094 0.240038812 0.835181177
1548266192.312360 0.603921115 -0.057975285 -0.104895584 0.058919366 0.493502289 0.239546061 0.834027350
1548266192.345900 0.603587091 -0.065686114 -0.109975658 0.059946202 0.496801615 0.240638867 0.831677556
1548266192.379350 0.602100730 -0.075925633 -0.110339120 0.061475031 0.499832332 0.242028818 0.829343438
1548266192.412870 0.601992786 -0.074873731 -0.116910197 0.065004192 0.501181364 0.242013097 0.828264058
1548266192.446290 0.603615224 -0.067377649 -0.132089630 0.067753941 0.502075672 0.240674138 0.827892125
1548266192.479770 0.604559600 -0.075624533 -0.136226833 0.068546593 0.506738245 0.241935268 0.824612021
1548266192.513290 0.603711307 -0.078795254 -0.143569738 0.070256770 0.510798395 0.242193431 0.821882784
1548266192.546740 0.605833530 -0.073549375 -0.152714103 0.073267736 0.513891697 0.241055563 0.820023954
1548266192.580250 0.600884020 -0.088377334 -0.156168416 0.073529184 0.520376861 0.241782740 0.815685272
1548266192.613810 0.603996873 -0.081098564 -0.162568346 0.077034868 0.525106788 0.241346464 0.812453330
1548266192.647320 0.608483732 -0.092427418 -0.167477801 0.077862076 0.529707074 0.242931813 0.808907926
1548266192.680840 0.607846498 -0.085186638 -0.178018957 0.081721187 0.534304857 0.242074624 0.805754185
1548266192.714360 0.607142866 -0.077965587 -0.176649123 0.084968284 0.541790128 0.240977347 0.800733268
1548266192.747880 0.607248724 -0.075990923 -0.190310359 0.087212630 0.548653603 0.242714852 0.795275211
1548266192.781390 0.602354407 -0.077524714 -0.196807310 0.088628933 0.555453062 0.244300306 0.789895058
1548266192.814910 0.592587054 -0.089936227 -0.191595465 0.086945504 0.565865695 0.246570796 0.781945884
1548266192.848430 0.609856844 -0.072984800 -0.213244379 0.090704262 0.568496883 0.249790654 0.778581202
1548266192.881970 0.607670665 -0.082191050 -0.216563165 0.090608694 0.573697865 0.252336740 0.773942530
1548266192.915480 0.607807577 -0.082899854 -0.223356351 0.090297431 0.576955259 0.254532516 0.770832121
1548266192.949000 0.599623084 -0.089426272 -0.213755265 0.087932736 0.583151281 0.255028516 0.766265512
1548266192.982530 0.607626438 -0.075566836 -0.227197215 0.089501739 0.584045172 0.259071082 0.764043689
1548266193.016070 0.610387206 -0.074103422 -0.234965667 0.086995229 0.585379243 0.260786831 0.762727499
1548266193.049750 0.612913668 -0.059568301 -0.234409839 0.086389720 0.588581622 0.261411846 0.760113358
1548266193.083330 0.623411179 -0.052953519 -0.248092890 0.085435197 0.589280725 0.265253782 0.758346558
1548266193.117070 0.622600853 -0.070315473 -0.255711198 0.080225900 0.591161191 0.267774761 0.756563842
1548266193.150590 0.624220550 -0.069974139 -0.260437250 0.078334898 0.592400372 0.269345343 0.755234063
1548266193.184110 0.627577484 -0.062619776 -0.267145336 0.078669287 0.593165994 0.270509064 0.754181743
1548266193.217620 0.627216697 -0.057589658 -0.273062021 0.077877589 0.594020963 0.270745099 0.753505945
1548266193.251180 0.624408960 -0.056834072 -0.276927322 0.076091304 0.596238315 0.271266311 0.751747668
1548266193.284700 0.628462374 -0.050730672 -0.274035662 0.075491205 0.598363101 0.271770388 0.749935687
1548266193.318210 0.626067042 -0.043213394 -0.280695736 0.075030282 0.597964525 0.271050215 0.750560284
1548266193.351880 0.625120223 -0.036864776 -0.286640018 0.072969884 0.599171460 0.270708203 0.749924004
1548266193.385250 0.624706388 -0.025791327 -0.287300646 0.071684211 0.601137400 0.270649016 0.748494744
1548266193.418720 0.625899494 -0.022006987 -0.289577127 0.070601173 0.602511704 0.272510320 0.746815383
1548266193.452230 0.625015020 -0.010462481 -0.293517113 0.070096374 0.604054153 0.272384107 0.745662153
1548266193.485680 0.622338295 -0.006677086 -0.297167480 0.068701051 0.606425285 0.274009377 0.743268073
1548266193.519270 0.628995776 0.007032974 -0.293993473 0.068883695 0.607990682 0.276205361 0.741156518
1548266193.552780 0.628072500 0.016678853 -0.303792804 0.068052165 0.608011186 0.278315097 0.740426958
1548266193.586230 0.624515414 0.034306984 -0.309485883 0.066625424 0.608821630 0.279228806 0.739546180
1548266193.619380 0.623753786 0.044999067 -0.316661716 0.062736243 0.610689342 0.280791909 0.737752378
1548266193.652900 0.629597425 0.040335346 -0.309439331 0.057949591 0.614975810 0.285525650 0.732749403
1548266193.686410 0.635671198 0.050200071 -0.311547041 0.055966482 0.616107702 0.287611872 0.731135070
1548266193.719930 0.639515162 0.060858607 -0.315283477 0.054924410 0.617134988 0.289712965 0.729516327
1548266193.753440 0.639079511 0.069877774 -0.319799125 0.053830311 0.618243158 0.292391628 0.727588356
1548266193.786960 0.640355289 0.078583688 -0.319987118 0.052023817 0.620051384 0.294597149 0.725287735
1548266193.820450 0.639960170 0.087475285 -0.322172344 0.050342940 0.620958030 0.296849996 0.723710477
1548266193.853960 0.640300751 0.095048875 -0.322492808 0.046719007 0.623820603 0.298545390 0.720788360
1548266193.887480 0.643337846 0.101928584 -0.319381505 0.043729331 0.626368999 0.301051617 0.717716873
1548266193.920990 0.643568277 0.111887321 -0.324725926 0.040238943 0.627320170 0.302669704 0.716408610
1548266193.954510 0.647624493 0.117574602 -0.323586851 0.035767626 0.630739331 0.304405630 0.712899566
1548266193.987970 0.651391685 0.116687082 -0.322243363 0.032696683 0.633368433 0.308102995 0.709117711
1548266194.021490 0.652131975 0.123215608 -0.325562358 0.030998919 0.634085417 0.309695989 0.707858205
1548266194.055060 0.655024409 0.130729079 -0.327947825 0.029817611 0.634327948 0.311116427 0.707068264
1548266194.088570 0.657067239 0.136529788 -0.331116647 0.028293919 0.634965897 0.311387509 0.706438661
1548266194.122190 0.658986270 0.144652411 -0.332434148 0.027817182 0.635844290 0.310831457 0.705912232
1548266194.155710 0.656941533 0.153338417 -0.334599227 0.027496964 0.636212707 0.309691399 0.706093907
1548266194.189270 0.656975329 0.159049556 -0.339708179 0.025861789 0.636690497 0.308611274 0.706197917
1548266194.222940 0.654993236 0.163758919 -0.335235178 0.024865955 0.638133943 0.307568192 0.705385387
1548266194.256460 0.652243555 0.172257572 -0.334757060 0.023911528 0.637183189 0.306084841 0.706921458
1548266194.289810 0.651645541 0.184518635 -0.336158305 0.023570608 0.635376215 0.305091828 0.708985567
1548266194.323330 0.651956975 0.190383300 -0.334107637 0.021102259 0.634420693 0.304230005 0.710288107
1548266194.356850 0.649261355 0.196735740 -0.332162499 0.019356700 0.633250177 0.304092199 0.711440444
1548266194.390360 0.645545840 0.206577644 -0.337149709 0.017822267 0.630451322 0.303890496 0.714047670
1548266194.423880 0.646371305 0.212527186 -0.332933336 0.015564578 0.629969299 0.304135174 0.714421630
1548266194.457390 0.642534256 0.222578600 -0.330100447 0.013530547 0.628609657 0.303634524 0.715872169
1548266194.490910 0.640776098 0.231965184 -0.335001260 0.010554198 0.627114475 0.303001553 0.717499852
1548266194.524300 0.638387680 0.235483736 -0.330129981 0.005724129 0.627522767 0.303193569 0.717116475
1548266194.557820 0.635973811 0.234902516 -0.321553141 0.003344728 0.626039207 0.305660069 0.717381060
1548266194.591380 0.638114870 0.241669685 -0.329910278 0.001224864 0.622483969 0.305573881 0.720511496
1548266194.624850 0.632963598 0.250811607 -0.335997224 0.000169932 0.620430112 0.306678712 0.721813440
1548266194.658350 0.635580599 0.253863156 -0.328390032 -0.001801871 0.620142639 0.308364719 0.721339762
1548266194.691840 0.630550206 0.264110416 -0.336142182 -0.002516091 0.615788639 0.306555599 0.725824833
1548266194.725360 0.624381483 0.275138736 -0.338405371 -0.004137150 0.615906596 0.307034463 0.725514770
1548266194.758820 0.626633942 0.281811923 -0.328810155 -0.006193816 0.616218269 0.308727354 0.724516451
1548266194.792330 0.622648537 0.283707410 -0.337003440 -0.010451905 0.609704733 0.308370352 0.730108619
1548266194.825850 0.618905485 0.292861372 -0.339204609 -0.012273233 0.609667361 0.308143377 0.730207324
1548266194.859330 0.611497164 0.299442291 -0.338596940 -0.012921992 0.608228266 0.308897674 0.731077015
1548266194.892840 0.609004378 0.306962520 -0.337841719 -0.012860149 0.604584992 0.307391346 0.734725893
1548266194.926360 0.603383601 0.316360831 -0.344778329 -0.013005566 0.602715671 0.305946112 0.736859322
1548266194.959880 0.598215580 0.316089362 -0.343524635 -0.013651324 0.601912498 0.307199776 0.736982584
1548266194.993390 0.587290943 0.314451009 -0.343673348 -0.013393967 0.597723782 0.307880282 0.740105808
1548266195.026980 0.585735321 0.330367327 -0.356501490 -0.013577649 0.592580914 0.305537611 0.745191455
1548266195.060500 0.586111069 0.332215875 -0.358973116 -0.015861111 0.592724800 0.307757527 0.744117618
1548266195.094010 0.580775559 0.333095402 -0.362999052 -0.016492143 0.591691613 0.308639884 0.744560540
1548266195.127550 0.579118133 0.339533061 -0.377417356 -0.016882654 0.588882983 0.308679938 0.746758640
1548266195.161070 0.575864553 0.341035545 -0.385601103 -0.017195776 0.590020359 0.310153693 0.745241523
1548266195.194580 0.575640142 0.335023284 -0.389536768 -0.018271515 0.590979874 0.310798138 0.744186461
1548266195.228080 0.572608948 0.334724724 -0.400552124 -0.016428178 0.590149879 0.309974283 0.745230973
1548266195.261590 0.569449365 0.335362107 -0.415062815 -0.014944988 0.590482354 0.308462560 0.745625973
1548266195.295110 0.565449238 0.326574266 -0.421904474 -0.013840123 0.592867315 0.307539225 0.744134665
1548266195.328620 0.558460712 0.327982724 -0.434129238 -0.010571900 0.594135165 0.305003315 0.744220793
1548266195.362140 0.554270923 0.326103389 -0.442552149 -0.007701302 0.596293688 0.303526461 0.743132651
1548266195.395620 0.551434755 0.319470912 -0.443716556 -0.005621690 0.598348796 0.301725268 0.742232442
1548266195.429120 0.547295272 0.316272259 -0.455647320 -0.002975465 0.597022414 0.299497336 0.744215488
1548266195.462610 0.545131981 0.318338215 -0.466137469 -0.000907092 0.597634733 0.297066689 0.744703472
1548266195.496130 0.538581252 0.310032934 -0.468573868 0.000501224 0.599715352 0.296132386 0.743402243
1548266195.529630 0.536901236 0.305891186 -0.476236373 0.002591031 0.597661436 0.294683963 0.745624185
1548266195.563140 0.538617432 0.304386228 -0.490873843 0.004354665 0.596086740 0.292531461 0.747721195
1548266195.596660 0.534664273 0.303000182 -0.496043742 0.006436833 0.597635925 0.290618628 0.747215271
1548266195.630160 0.523585379 0.281262457 -0.501497865 0.005847128 0.597341239 0.290626436 0.747452676
1548266195.663680 0.530203283 0.283645332 -0.507885635 0.007945419 0.594395161 0.287176669 0.751106381
1548266195.697200 0.526815593 0.278864503 -0.514152765 0.009224310 0.593924522 0.284242719 0.752578676
1548266195.730710 0.525947630 0.273317307 -0.520657539 0.010460488 0.593268037 0.282551229 0.753716409
1548266195.764230 0.523877442 0.262989253 -0.526079834 0.012087854 0.590676665 0.280943453 0.756323814
1548266195.797740 0.524183273 0.265783906 -0.539510965 0.014555995 0.586985588 0.277422011 0.760442674
1548266195.831260 0.526746571 0.255556315 -0.544600368 0.014192876 0.586300611 0.275758505 0.761582196
1548266195.864770 0.522394061 0.246253133 -0.547924995 0.015717225 0.584201455 0.273998052 0.763797522
1548266195.898290 0.524844110 0.251426935 -0.560208559 0.017865524 0.580075443 0.270553052 0.768110871
1548266195.931800 0.529011905 0.243492082 -0.564227879 0.018978437 0.579213917 0.269687384 0.769038200
1548266195.965320 0.527037680 0.233435839 -0.566436172 0.021025551 0.577513874 0.268489450 0.770680904
1548266195.998840 0.532658815 0.233370930 -0.579254329 0.023237821 0.573964775 0.266163677 0.774067998
1548266196.032360 0.534360170 0.232624501 -0.588167965 0.026104780 0.573267698 0.265176862 0.774831533
1548266196.065870 0.534401178 0.231290996 -0.597045898 0.029904315 0.572046757 0.266825378 0.775030613
1548266196.099390 0.537263691 0.229935199 -0.602238059 0.032036170 0.570041895 0.265595645 0.776842892
1548266196.132950 0.541024327 0.237372011 -0.612683296 0.035256296 0.567725420 0.264493614 0.778773367
1548266196.166420 0.545346558 0.235128939 -0.621570528 0.035696622 0.566725194 0.265362114 0.779186249
1548266196.199930 0.544845521 0.234505221 -0.623198032 0.036417849 0.566061318 0.265789986 0.779489577
1548266196.233450 0.549107850 0.233710989 -0.632781565 0.036008116 0.562865078 0.265811831 0.781812251
1548266196.266960 0.553889811 0.238521323 -0.640508294 0.036887258 0.560316265 0.266005635 0.783534348
1548266196.300480 0.554823041 0.232744470 -0.645385802 0.035453755 0.556662560 0.266267031 0.786111772
1548266196.333990 0.560366869 0.235767022 -0.654564321 0.035440389 0.550289750 0.266030908 0.790665984
1548266196.367470 0.563586175 0.234783754 -0.659851253 0.034445371 0.545908570 0.265099883 0.794052541
1548266196.400980 0.570321977 0.238995537 -0.654077291 0.035272907 0.541022778 0.264122397 0.797677577
1548266196.434510 0.586918950 0.252077281 -0.673222184 0.035408050 0.528925836 0.258647770 0.807517827
1548266196.468020 0.580371797 0.244525447 -0.682034731 0.034993138 0.527366459 0.258509606 0.808599353
1548266196.501540 0.578707516 0.243637264 -0.688852012 0.035566032 0.523286164 0.257869512 0.811424673
1548266196.535050 0.584382594 0.252230734 -0.683957279 0.038175974 0.517409503 0.256145716 0.815609813
1548266196.568650 0.597234786 0.281202644 -0.693977952 0.041337349 0.508793771 0.251586884 0.822267711
1548266196.602160 0.594289601 0.280589432 -0.708942890 0.038894519 0.506385088 0.252231568 0.823675036
1548266196.635680 0.598340034 0.288752228 -0.706206679 0.037139647 0.505364597 0.252774239 0.824216306
1548266196.669190 0.603724122 0.294409633 -0.715685487 0.034627531 0.501210392 0.253218412 0.826722145
1548266196.702710 0.610299945 0.300044119 -0.725949347 0.030453598 0.499969780 0.252811134 0.827761650
1548266196.736230 0.615598202 0.302272856 -0.726815701 0.028212976 0.500372469 0.254285902 0.827145755
1548266196.769670 0.618619025 0.303916901 -0.733591378 0.025665684 0.499917030 0.254407704 0.827466607
1548266196.803290 0.621588171 0.316527575 -0.739306927 0.026200945 0.499374330 0.254126757 0.827863753
1548266196.836840 0.625810325 0.322188556 -0.742831945 0.024692968 0.499599129 0.254647911 0.827614307
1548266196.870460 0.627905726 0.336044103 -0.745020509 0.024703173 0.499666035 0.254291534 0.827683151
1548266196.903980 0.629747868 0.341827035 -0.751398563 0.023026565 0.499729723 0.256186813 0.827108383
1548266196.937430 0.630750000 0.351747215 -0.757303298 0.021085152 0.499722570 0.256738335 0.826993465
1548266196.970900 0.637158453 0.356694758 -0.760618746 0.019122722 0.500637233 0.259950280 0.825483203
1548266197.004420 0.639291167 0.364324719 -0.767398894 0.016761461 0.501651287 0.261062592 0.824567378
1548266197.037940 0.641398251 0.368415654 -0.765281558 0.015373153 0.503232002 0.263365805 0.822897136
1548266197.071450 0.644117773 0.377481014 -0.768701971 0.015065805 0.502536178 0.263672143 0.823229849
1548266197.104970 0.643885612 0.383123755 -0.770005822 0.013466900 0.503256917 0.263360888 0.822916865
1548266197.138530 0.644279063 0.391890168 -0.771362841 0.012356675 0.504453838 0.263944834 0.822013855
1548266197.172080 0.644262135 0.393733531 -0.774402499 0.010280270 0.504655957 0.264950335 0.821594775
1548266197.205610 0.645869970 0.403877914 -0.777886987 0.009000464 0.504666746 0.263855964 0.821955264
1548266197.239130 0.645801485 0.413741618 -0.786889493 0.007202921 0.507349670 0.265576571 0.819764256
1548266197.272640 0.641085088 0.409985453 -0.784056962 0.003177485 0.510313630 0.268264502 0.817070425
1548266197.306160 0.643652856 0.417776376 -0.784991562 0.000644490 0.510435343 0.268162817 0.817033708
1548266197.339660 0.643965840 0.429060370 -0.793464482 -0.001795888 0.511946797 0.268520564 0.815968096
1548266197.373180 0.641877770 0.434063822 -0.787705243 -0.005058513 0.515918314 0.269072235 0.813266754
1548266197.406710 0.642903686 0.441190153 -0.791132152 -0.007283766 0.517858982 0.270060927 0.811687171
1548266197.440220 0.640096307 0.453219205 -0.796106219 -0.008565639 0.521556795 0.270499587 0.809157014
1548266197.473740 0.641127884 0.454077512 -0.800567150 -0.010651926 0.525053561 0.274202228 0.805616796
1548266197.507240 0.635744154 0.456415921 -0.805656374 -0.011564313 0.528343201 0.275494605 0.803008378
1548266197.540600 0.633981168 0.465315938 -0.804798245 -0.011295021 0.534595251 0.277295262 0.798240364
1548266197.574040 0.625971913 0.464920342 -0.810780942 -0.010929164 0.539020300 0.280313045 0.794205427
1548266197.607550 0.622497976 0.470983356 -0.818155110 -0.009997066 0.541608036 0.281962454 0.791869879
1548266197.641070 0.616243005 0.472990483 -0.830714226 -0.010858675 0.547141969 0.284852564 0.787005007
1548266197.674590 0.616189837 0.475068480 -0.827405095 -0.012076765 0.554980755 0.287830621 0.780387163
1548266197.708100 0.606403828 0.471244544 -0.829684436 -0.011690658 0.562853038 0.291383326 0.773405135
1548266197.741620 0.604306400 0.479559481 -0.840590477 -0.008323218 0.567047298 0.295087248 0.768967867
1548266197.775130 0.593793035 0.478657573 -0.854122818 -0.006949728 0.572158754 0.298359811 0.763915896
1548266197.808650 0.583408415 0.476012588 -0.860430121 -0.006670196 0.578869641 0.300222874 0.758110583
1548266197.842170 0.577532768 0.480233818 -0.868400514 -0.005228203 0.585851014 0.303591192 0.751387835
1548266197.875680 0.575732052 0.482221842 -0.873644769 -0.004154510 0.592303216 0.305738777 0.745441794
1548266197.909200 0.570853233 0.494566411 -0.883075476 -0.000806824 0.598623753 0.306665719 0.740003407
1548266197.942750 0.570541859 0.504577160 -0.874481261 0.001583213 0.606410265 0.308068544 0.733047009
1548266197.976270 0.563105822 0.498822838 -0.890147030 0.001150908 0.610808790 0.311237544 0.728040159
1548266198.009790 0.554747343 0.498970389 -0.909469247 0.001676098 0.615980208 0.313891321 0.722521901
1548266198.043300 0.549974859 0.503533602 -0.906035364 0.003934470 0.623895764 0.316883266 0.714369357
1548266198.077040 0.546168327 0.502217591 -0.914852023 0.006396401 0.627778232 0.319722176 0.709669888
1548266198.110510 0.541132927 0.491193146 -0.926728725 0.005696424 0.633065343 0.318996489 0.705292225
1548266198.144020 0.542840838 0.503261566 -0.923663616 0.010831296 0.638745964 0.322119236 0.698659778
1548266198.177540 0.536472380 0.508523524 -0.937539876 0.014661866 0.641869068 0.324721813 0.694510520
1548266198.211050 0.537973464 0.509215891 -0.947136283 0.016379509 0.645378351 0.325217068 0.690979242
1548266198.244570 0.527805686 0.499380231 -0.958909988 0.017202387 0.649951994 0.328103602 0.685284257
1548266198.278120 0.530778825 0.498149574 -0.951382935 0.018507138 0.654506981 0.327189177 0.681340814
1548266198.311640 0.522462130 0.497270793 -0.960180283 0.020249151 0.657858908 0.325701892 0.678770840
1548266198.345150 0.515544295 0.499821454 -0.964197338 0.022626668 0.662115753 0.325733453 0.674528301
1548266198.378640 0.513999462 0.493864834 -0.963422120 0.023318619 0.666043997 0.326038867 0.670477629
1548266198.412150 0.511249125 0.491149068 -0.976143420 0.024370877 0.668217182 0.325279862 0.668644011
1548266198.445670 0.506280422 0.489147723 -0.981310546 0.025700495 0.672113895 0.325347871 0.664643645
1548266198.479180 0.500380158 0.482683927 -0.982628882 0.027661905 0.674927711 0.325698525 0.661534488
1548266198.512700 0.500618577 0.482974172 -0.988233626 0.029941143 0.677147269 0.324914604 0.659549534
1548266198.546220 0.495841682 0.480468988 -0.993197739 0.031673867 0.680391192 0.324326366 0.656412184
1548266198.579730 0.491786838 0.470489532 -0.993995607 0.033152811 0.682883203 0.325021774 0.653400481
1548266198.613280 0.486434221 0.473653346 -0.997915745 0.035601508 0.684239924 0.323310614 0.652701020
1548266198.646760 0.478397757 0.468534470 -1.003938913 0.037088796 0.686530769 0.322867274 0.650428116
1548266198.680250 0.477022678 0.462797821 -1.003314972 0.038440399 0.688698292 0.323749632 0.647613466
1548266198.713760 0.474209487 0.467333257 -1.006703019 0.040522125 0.690614462 0.321323425 0.646653652
1548266198.747270 0.466938734 0.460193694 -1.005190134 0.040577415 0.695574999 0.321271032 0.641337514
1548266198.780790 0.464748979 0.456902474 -1.016501188 0.041716106 0.695830107 0.323639810 0.639794946
1548266198.814310 0.461209476 0.458552182 -1.014224172 0.040665951 0.698957860 0.319297254 0.638634026
1548266198.847830 0.449550003 0.453541040 -1.005224824 0.039683294 0.706674695 0.317549855 0.631029487
1548266198.881410 0.454417467 0.442521095 -1.019506216 0.039335120 0.706660688 0.322524756 0.628538966
1548266198.914940 0.458159238 0.449089259 -1.029021382 0.040563006 0.706312537 0.321019113 0.629622161
1548266198.948460 0.447005779 0.449153036 -1.022770286 0.040930647 0.709624767 0.318633437 0.627080679
1548266198.981970 0.446906179 0.444015533 -1.028035879 0.040498685 0.710352480 0.320444524 0.625359535
1548266199.015520 0.442963779 0.447107553 -1.026549339 0.039256684 0.711685061 0.318266124 0.625036001
1548266199.049050 0.441766948 0.444506615 -1.029982448 0.037297860 0.713625312 0.318886906 0.622622609
1548266199.082820 0.445708007 0.437462568 -1.037728190 0.034649573 0.713486910 0.321489841 0.621594846
1548266199.116330 0.454411626 0.424093634 -1.050220370 0.033359841 0.710707843 0.326653749 0.622156620
1548266199.149850 0.455339938 0.423999250 -1.054313183 0.033475962 0.707803428 0.325504392 0.626051605
1548266199.183360 0.451146692 0.427326560 -1.050993443 0.033737671 0.707106769 0.322740078 0.628252029
1548266199.216880 0.454540730 0.423472404 -1.060220242 0.034694318 0.704194307 0.324456125 0.630582988
1548266199.250400 0.459790528 0.412817240 -1.065241933 0.037008494 0.698676288 0.326950371 0.635283589
1548266199.283830 0.455368459 0.420628071 -1.067409873 0.040173613 0.694085181 0.324114293 0.641546369
1548266199.317210 0.455702066 0.389955372 -1.067451835 0.040475875 0.687786579 0.330509007 0.645038784
1548266199.350710 0.446975142 0.417791724 -1.054830194 0.041522369 0.684971392 0.316325665 0.655002296
1548266199.384150 0.436768591 0.407194018 -1.051555872 0.043242171 0.681148469 0.316982776 0.658550501
1548266199.417660 0.444884181 0.414228231 -1.056231856 0.043642350 0.673835456 0.312581301 0.668082416
1548266199.451170 0.434384793 0.423044443 -1.036683321 0.041077983 0.674845636 0.304629356 0.670892596
1548266199.484700 0.429556847 0.419617653 -1.040410876 0.039287880 0.670442939 0.306182474 0.674696267
1548266199.518210 0.430265784 0.429226130 -1.030792713 0.038922299 0.664572477 0.302228153 0.682265759
1548266199.551670 0.441085458 0.444584578 -1.026533365 0.036347479 0.661375344 0.297069728 0.687758029
1548266199.585170 0.433564395 0.426993102 -1.024911165 0.033922501 0.659992695 0.299764782 0.688040674
1548266199.618710 0.429719329 0.440920651 -1.030279160 0.033807769 0.651752055 0.293805152 0.698394477
1548266199.652220 0.452699870 0.451885819 -1.039932132 0.030807495 0.646597445 0.290684998 0.704602659
1548266199.685710 0.444349080 0.449294508 -1.029169440 0.028022319 0.648255646 0.290481359 0.703277946
1548266199.719230 0.448730081 0.462750673 -1.019304752 0.028936284 0.645318151 0.291178197 0.705650330
1548266199.752750 0.448614657 0.458329290 -1.022803545 0.024931034 0.642336011 0.288732678 0.709518373
1548266199.786260 0.449963689 0.458062410 -1.024895072 0.024520837 0.638291538 0.289157540 0.713001072
1548266199.819730 0.452031732 0.469540089 -1.024324775 0.024811694 0.635787487 0.287603945 0.715851009
1548266199.853150 0.449670911 0.469241142 -1.021402121 0.024201423 0.634704411 0.288993150 0.716273367
1548266199.886670 0.449172080 0.475697905 -1.022189021 0.025370864 0.630056679 0.289492100 0.720124483
1548266199.920200 0.457132608 0.482994735 -1.021842480 0.022823658 0.628810167 0.285480350 0.722895384
1548266199.953790 0.453965753 0.489636511 -1.019435525 0.022726441 0.630260170 0.286950976 0.721051157
1548266199.987310 0.453108847 0.489744455 -1.017032981 0.022323156 0.629100204 0.289054811 0.721236348
1548266200.020820 0.452201426 0.495738506 -1.018090963 0.022199646 0.625590682 0.288631946 0.724454999
1548266200.054380 0.454849303 0.504052937 -1.014388680 0.020469716 0.625501692 0.286802202 0.725309014
1548266200.087900 0.452019125 0.503272831 -1.011791348 0.018362744 0.624689162 0.288215280 0.725505531
1548266200.121410 0.451832384 0.507514119 -1.006606579 0.016796049 0.622298121 0.287608773 0.727835238
1548266200.154880 0.452833295 0.513750136 -1.003900766 0.015046724 0.620599031 0.287022144 0.729553819
1548266200.188350 0.452695787 0.519305110 -0.999986827 0.013488661 0.618205428 0.288065940 0.731203198
1548266200.221910 0.443268001 0.515824854 -0.998953402 0.011653511 0.615067482 0.289072752 0.733480155
1548266200.255430 0.454480976 0.523661017 -0.999982238 0.008033087 0.610477328 0.284682631 0.739059389
1548266200.288950 0.454400063 0.525918484 -0.984949172 0.007298735 0.611547828 0.286478728 0.737486243
1548266200.322480 0.445574135 0.522230446 -0.981468797 0.006673813 0.606462061 0.285628676 0.742007732
1548266200.356000 0.455847174 0.537316918 -0.984759092 0.006582999 0.599335790 0.282793701 0.748853147
1548266200.389490 0.452619284 0.537990570 -0.978621125 0.004487171 0.599274695 0.281861871 0.749268711
1548266200.423030 0.446746826 0.541154444 -0.969197273 0.005393794 0.596848547 0.282565981 0.750932217
1548266200.456550 0.450304508 0.542775810 -0.972939909 0.005193629 0.591089964 0.282079160 0.755656660
1548266200.490060 0.450906903 0.542304933 -0.968141019 0.004409896 0.589996457 0.280771941 0.757001936
1548266200.523610 0.447787642 0.542371988 -0.965133071 0.005225277 0.587288201 0.281428188 0.758856654
1548266200.557100 0.433563203 0.535030365 -0.953839302 0.005514693 0.584354818 0.280291915 0.761534929
1548266200.590640 0.450304806 0.549067736 -0.958643019 0.007067114 0.578315377 0.277909100 0.766986251
1548266200.624160 0.450045675 0.550053000 -0.958216846 0.007302412 0.577853858 0.277254701 0.767568529
1548266200.657730 0.445496768 0.548786700 -0.952073812 0.007858532 0.576980412 0.276903003 0.768346608
1548266200.691280 0.444209784 0.544143736 -0.953301609 0.007145987 0.574056685 0.274926215 0.771247983
1548266200.724780 0.443067431 0.542610526 -0.948608160 0.007860053 0.572651148 0.271695822 0.773427606
1548266200.758290 0.441348612 0.539003432 -0.945860267 0.008217465 0.571707904 0.267847836 0.775461197
1548266200.791810 0.436561018 0.534583449 -0.944950998 0.009629917 0.570776463 0.266107172 0.776729345
1548266200.825330 0.430707693 0.522633493 -0.941256821 0.010965633 0.569407880 0.264051020 0.778415978
1548266200.858840 0.432408452 0.525517404 -0.945289254 0.014807610 0.566353142 0.261252612 0.781518996
1548266200.892360 0.428080082 0.516419232 -0.943245471 0.016696943 0.566503525 0.260571599 0.781599283
1548266200.925870 0.419610053 0.515489578 -0.944708288 0.020308437 0.564771473 0.259857714 0.783003688
1548266200.959370 0.421796739 0.513567150 -0.948258877 0.021984316 0.562087119 0.257845074 0.785551190
1548266200.992890 0.417772502 0.507429004 -0.947515845 0.022649946 0.562493086 0.256614357 0.785644710
1548266201.026410 0.412734002 0.507734895 -0.944172621 0.024756769 0.562030256 0.255678624 0.786217213
1548266201.059920 0.409487963 0.499244601 -0.952511370 0.023772687 0.560413539 0.255097508 0.787589192
1548266201.093410 0.409833044 0.500521302 -0.953115284 0.025104914 0.560266733 0.255312473 0.787582636
1548266201.126930 0.404268235 0.494703889 -0.944116831 0.026160274 0.560732186 0.255202413 0.787252665
1548266201.160390 0.401481688 0.492162168 -0.946096182 0.027368715 0.558515012 0.254547656 0.788997769
1548266201.193900 0.402096391 0.489675730 -0.947456419 0.028605180 0.556951702 0.255049646 0.789896309
1548266201.227420 0.397571415 0.484848171 -0.946986794 0.029774040 0.556286991 0.256365806 0.789895475
1548266201.260930 0.393821657 0.480130255 -0.946111083 0.031859200 0.554687381 0.257980734 0.790413082
1548266201.294450 0.394683033 0.480354965 -0.953904212 0.034056142 0.551254928 0.258214235 0.792643428
1548266201.327970 0.390208781 0.477587163 -0.955639720 0.034956221 0.551074326 0.257715464 0.792892098
1548266201.361580 0.386903882 0.471797109 -0.957222104 0.035501778 0.550658882 0.258354694 0.792948484
1548266201.395110 0.383931965 0.466914862 -0.955871701 0.036142293 0.550066888 0.257807255 0.793508351
1548266201.428620 0.385693192 0.467673033 -0.962242484 0.036685575 0.548736989 0.256459624 0.794839859
1548266201.462300 0.382860661 0.464713186 -0.959214926 0.036974002 0.550740898 0.256168276 0.793533385
1548266201.496020 0.376814067 0.454383403 -0.961685300 0.036895066 0.549602926 0.257104635 0.794023037
1548266201.529540 0.377174497 0.452459067 -0.966986418 0.036721829 0.547030270 0.255432576 0.796343863
1548266201.563100 0.376877606 0.452874631 -0.971201658 0.036775526 0.546821952 0.253734827 0.797026992
1548266201.596610 0.373571903 0.450281560 -0.973766863 0.035910938 0.547495842 0.252701074 0.796932161
1548266201.630090 0.370449990 0.446987629 -0.974746287 0.034524649 0.548435390 0.251501381 0.796726882
1548266201.663610 0.372174323 0.441874802 -0.981589735 0.033309497 0.548166871 0.250691772 0.797218442
1548266201.697110 0.368022919 0.434317529 -0.984562695 0.033570722 0.548759639 0.250256956 0.796936214
1548266201.730430 0.364588767 0.434399784 -0.988452494 0.034053952 0.548851371 0.247699678 0.797651172
1548266201.763950 0.362279385 0.423741251 -0.995462656 0.033912275 0.548857808 0.248178974 0.797503769
1548266201.797460 0.360586107 0.420060724 -1.000020266 0.035468150 0.549690723 0.247653976 0.797025502
1548266201.830980 0.358920276 0.424809217 -1.003551602 0.039083950 0.551357448 0.247171655 0.795854032
1548266201.864490 0.354827285 0.424917042 -1.013827085 0.039947007 0.554038942 0.246436134 0.794175208
1548266201.898180 0.350582093 0.415571064 -1.016130805 0.040481143 0.558394551 0.248285562 0.790513158
1548266201.931690 0.350723565 0.402317375 -1.026630640 0.040148132 0.560683012 0.248831928 0.788736582
1548266201.964910 0.342349499 0.404647589 -1.024594307 0.044677556 0.566079974 0.251168281 0.783882558
1548266201.998170 0.335201025 0.398185611 -1.026360750 0.046234224 0.568889201 0.253282428 0.781073332
1548266202.031630 0.333669126 0.391711622 -1.033103585 0.047566663 0.569167078 0.255359977 0.780113816
1548266202.065080 0.329536349 0.382778347 -1.040313721 0.047517154 0.572008252 0.255956769 0.777839899
1548266202.098530 0.328560740 0.368008554 -1.047169924 0.048502706 0.574005544 0.259285301 0.775200784
1548266202.132030 0.323698550 0.353738219 -1.054028511 0.050665732 0.574491858 0.260275632 0.774369836
1548266202.165540 0.317507654 0.347028792 -1.060195565 0.051272307 0.575324655 0.257558823 0.774619997
1548266202.198900 0.310353696 0.341071486 -1.059420705 0.054532390 0.579061568 0.258568883 0.771269143
1548266202.232350 0.300189137 0.330958366 -1.062665701 0.056715377 0.578901827 0.257878631 0.771462679
1548266202.265870 0.294875979 0.329524338 -1.061921954 0.057660624 0.580143154 0.255218089 0.771344900
1548266202.299340 0.286696315 0.320796281 -1.061186910 0.058260713 0.580982685 0.254426181 0.770929396
1548266202.332860 0.282382280 0.320263445 -1.064338923 0.059120983 0.581335545 0.251726806 0.771483898
1548266202.366370 0.273612827 0.317209870 -1.063320279 0.058784492 0.584736705 0.250490159 0.769338727
1548266202.399890 0.266458690 0.314198464 -1.064889789 0.056662150 0.588270664 0.250676006 0.766738951
1548266202.433400 0.257266551 0.294623166 -1.059351206 0.055560902 0.590615869 0.255020082 0.763577521
1548266202.466970 0.248431668 0.286208868 -1.061145306 0.055903610 0.585511982 0.254826725 0.767537534
1548266202.500500 0.252019852 0.285039365 -1.066021919 0.055608597 0.584114552 0.255060732 0.768545330
1548266202.534060 0.238955557 0.258500457 -1.059401274 0.056558408 0.583921671 0.260446072 0.766814470
1548266202.567850 0.253970236 0.271530181 -1.074385166 0.060507584 0.575015843 0.256899118 0.774402022
1548266202.601380 0.250752687 0.262690455 -1.070950031 0.059547056 0.576520920 0.256413072 0.773518026
1548266202.634920 0.237797901 0.246004879 -1.073101878 0.061281782 0.573553920 0.259250134 0.774641752
1548266202.668580 0.246109441 0.261089444 -1.080271602 0.063090391 0.570731342 0.254947096 0.778002143
1548266202.702100 0.239300713 0.258494675 -1.074578524 0.062135063 0.575657845 0.255447865 0.774276257
1548266202.735610 0.231679678 0.235234395 -1.077098608 0.059505545 0.576539695 0.258870542 0.772688270
1548266202.769130 0.225941360 0.225780770 -1.077361465 0.059187278 0.575917542 0.259791791 0.772867441
1548266202.802640 0.227403343 0.229681253 -1.080110312 0.059744325 0.573628306 0.259033114 0.774779320
1548266202.836160 0.233015537 0.232319385 -1.083040237 0.057610892 0.577353716 0.259275824 0.772087932
1548266202.869670 0.219742075 0.213151738 -1.086666107 0.056658469 0.580587208 0.263901055 0.768156588
1548266202.903190 0.220561862 0.226412475 -1.090772033 0.055382479 0.581407785 0.261655509 0.768397152
1548266202.936660 0.218828604 0.209462076 -1.089502335 0.050159015 0.587496281 0.268530399 0.761724114
1548266202.970220 0.221628100 0.196702778 -1.091042042 0.049745109 0.587331116 0.274860352 0.759617925
1548266203.003690 0.217740610 0.194279358 -1.092789531 0.048591223 0.586856067 0.274047256 0.760353208
1548266203.037170 0.213992491 0.190831333 -1.094341874 0.046578497 0.587787151 0.275938958 0.759074748
1548266203.070610 0.214815557 0.184954807 -1.096383333 0.042760327 0.590417325 0.279043853 0.756117344
1548266203.104140 0.209653974 0.160921156 -1.094352007 0.039857652 0.591468334 0.285818815 0.752917111
1548266203.137660 0.195237249 0.136145249 -1.110402584 0.042599238 0.582755268 0.294121325 0.756355882
1548266203.171180 0.217885867 0.172947362 -1.102054358 0.043793403 0.577035964 0.284478247 0.764319122
1548266203.204690 0.218331292 0.170190260 -1.104883194 0.040013187 0.578917444 0.283918679 0.763311088
1548266203.238270 0.203628406 0.156079978 -1.100252151 0.036314875 0.582966447 0.284094155 0.760343254
1548266203.271780 0.202778533 0.137027934 -1.098171949 0.032564189 0.583376884 0.287188381 0.759034753
1548266203.305300 0.203362122 0.138037264 -1.098403454 0.028490130 0.582525015 0.283323407 0.761302054
1548266203.338810 0.203563556 0.135146081 -1.095096231 0.023210915 0.585630834 0.281450719 0.759791613
1548266203.372330 0.197349384 0.122949265 -1.094951391 0.018541003 0.589553714 0.283947349 0.755947471
1548266203.405840 0.202285409 0.123191729 -1.096830606 0.016066488 0.588578701 0.284387469 0.756598175
1548266203.439310 0.202876344 0.120297551 -1.088813066 0.009418200 0.593282163 0.281551480 0.754093051
1548266203.472820 0.193278715 0.105423041 -1.098283529 0.009413380 0.593906641 0.287756681 0.751253843
1548266203.506340 0.189627632 0.104826935 -1.105085969 0.010420847 0.587965310 0.287969440 0.755818605
1548266203.539860 0.195205271 0.108561613 -1.092375159 0.005234731 0.591107249 0.284643263 0.754680753
1548266203.573380 0.187189937 0.085200898 -1.094753504 0.003408141 0.591285110 0.291873872 0.751784503
1548266203.606900 0.193468630 0.086643554 -1.100753307 0.005005732 0.582237184 0.294096470 0.757945955
1548266203.640420 0.181322575 0.097024113 -1.090315223 0.001934832 0.582421899 0.288020134 0.760148287
1548266203.673930 0.185855731 0.077995539 -1.092473507 -0.001443074 0.581262946 0.293833673 0.758810282
1548266203.707440 0.183767945 0.069362119 -1.090681195 -0.001931884 0.573227704 0.295580059 0.764224231
1548266203.740960 0.183446065 0.087128617 -1.086966276 -0.004576195 0.570815027 0.290355980 0.768012166
1548266203.774480 0.180109635 0.067716084 -1.076434374 -0.010485183 0.571641505 0.292851686 0.766390204
1548266203.807990 0.177848384 0.066817269 -1.075134635 -0.010888151 0.565102816 0.294636160 0.770538628
1548266203.841510 0.175581321 0.070695534 -1.080614686 -0.016195964 0.562503755 0.290445864 0.773930550
1548266203.875030 0.176580235 0.052164931 -1.075199842 -0.019481119 0.561828852 0.295101136 0.772582769
1548266203.908550 0.182413518 0.055413004 -1.083741784 -0.019569134 0.553263247 0.294248134 0.779060245
1548266203.942070 0.184011996 0.065358937 -1.083070993 -0.022454882 0.552360833 0.288735360 0.781681001
1548266203.975580 0.183393016 0.043225247 -1.079422116 -0.025629010 0.552511871 0.290529251 0.780811489
1548266204.009100 0.182665542 0.028642641 -1.075803280 -0.025690330 0.548299968 0.289753020 0.784060180
1548266204.042600 0.187663525 0.046926752 -1.087764382 -0.024700146 0.543804407 0.283686519 0.789422929
1548266204.076120 0.185669586 0.036216836 -1.079361081 -0.026243757 0.545524478 0.282709301 0.788536429
1548266204.109640 0.183564454 0.016038513 -1.069090605 -0.026116515 0.545172334 0.284250826 0.788230002
1548266204.143150 0.184842750 0.030152474 -1.088470221 -0.022587720 0.538242638 0.280313879 0.794486523
1548266204.176670 0.181908444 0.039874550 -1.091435075 -0.022576019 0.540832758 0.276514828 0.794059038
1548266204.210180 0.185502753 0.018278340 -1.088708520 -0.022936597 0.542882800 0.280903518 0.791103959
1548266204.243680 0.184206873 0.008962501 -1.089658141 -0.020229256 0.538947403 0.281517148 0.793646395
1548266204.277200 0.179993331 0.027910432 -1.113492131 -0.021448560 0.537456274 0.274564117 0.797054112
1548266204.310720 0.184261635 0.010121848 -1.095693111 -0.021862231 0.542492032 0.278923720 0.792102277
1548266204.344250 0.186915427 -0.007468403 -1.096144199 -0.018729025 0.538082182 0.283373386 0.793609679
1548266204.377750 0.181325629 0.008318291 -1.089689136 -0.017178718 0.535993516 0.277458727 0.797140241
1548266204.411260 0.183656543 0.003924929 -1.093505621 -0.016359348 0.534455657 0.280031413 0.797290385
1548266204.444770 0.188969925 0.000723147 -1.097962141 -0.014380218 0.528307676 0.282611310 0.800509214
1548266204.478290 0.192917868 0.018604260 -1.100337982 -0.013498160 0.525022686 0.279981852 0.803603828
1548266204.511820 0.188700140 0.020495886 -1.092893958 -0.012888488 0.525325894 0.281726748 0.802805483
1548266204.545350 0.195796996 0.006672206 -1.088220239 -0.013764070 0.522336423 0.284705609 0.803690195
1548266204.578850 0.199374214 0.007895275 -1.088492513 -0.013870897 0.518353224 0.284964681 0.806171596
1548266204.612360 0.197061747 0.018926507 -1.076460481 -0.010477521 0.515412927 0.285400093 0.807952106
1548266204.645870 0.211865157 -0.010621215 -1.100423813 -0.012643454 0.505193233 0.287376285 0.813655198
1548266204.679330 0.208819613 -0.007834424 -1.098780751 -0.013616332 0.506638229 0.285782844 0.813302219
1548266204.712840 0.218214363 -0.021674525 -1.105941534 -0.014208510 0.506876469 0.289365828 0.811875463
1548266204.746430 0.184581831 -0.072514646 -1.015648127 -0.011202577 0.513520479 0.292675614 0.806543350
1548266204.779880 0.215981305 -0.042956751 -1.112740755 -0.008240072 0.492372096 0.287386477 0.821529627
1548266204.813110 0.233135432 -0.017490501 -1.121096253 -0.004770201 0.495409817 0.288199574 0.819443345
1548266204.846310 0.216653094 -0.058356803 -1.092350841 -0.005253295 0.499678820 0.291474223 0.815681458
1548266204.879900 0.236986890 -0.031304173 -1.122152805 0.000826599 0.491455615 0.287474006 0.822088420
1548266204.913530 0.238554373 -0.032797992 -1.135850310 0.002116181 0.491046727 0.286734134 0.822588682
1548266204.947180 0.239194810 -0.046772383 -1.129558802 0.003651379 0.494642347 0.286163241 0.820625484
1548266204.980570 0.234268025 -0.042835921 -1.141411901 0.009761272 0.491220802 0.285417855 0.822887301
1548266205.014080 0.245618448 -0.029662859 -1.135977507 0.012550676 0.488372833 0.280599356 0.826195180
1548266205.047600 0.235497892 -0.034757446 -1.129368782 0.012224820 0.490066379 0.278833956 0.825794876
1548266205.081110 0.228379011 -0.043330126 -1.139505863 0.012629028 0.486371130 0.279992461 0.827579498
1548266205.114760 0.234855101 -0.019099033 -1.128901243 0.013855950 0.483388603 0.274245560 0.831223726
1548266205.148490 0.241564170 -0.028763842 -1.129067183 0.009815292 0.483234704 0.273870677 0.831494272
1548266205.182010 0.249467850 -0.039079063 -1.121540904 0.005358458 0.483500451 0.272456139 0.831845105
1548266205.215500 0.255366147 -0.037662707 -1.124785423 0.000852523 0.486959934 0.270304620 0.830544829
1548266205.248960 0.247785747 -0.047041953 -1.109180450 -0.003516299 0.491351575 0.269586146 0.828181505
1548266205.282540 0.240142778 -0.098258369 -1.102561712 -0.010807815 0.488287896 0.271450132 0.829320788
1548266205.316070 0.254264116 -0.074812360 -1.096562862 -0.011719340 0.485410273 0.265101224 0.833043158
1548266205.349600 0.260856420 -0.084294155 -1.097967744 -0.015510393 0.487471312 0.266129315 0.831448317
1548266205.383120 0.205636695 -0.142746106 -0.941479385 -0.016320216 0.501437247 0.268261671 0.822392881
1548266205.416630 0.211403087 -0.171955124 -1.064368844 -0.023444084 0.474843830 0.265002161 0.838896632
1548266205.450150 0.203775808 -0.151933014 -1.052582741 -0.022299582 0.479974508 0.263581842 0.836451948
1548266205.483660 0.255109847 -0.112199813 -1.131088495 -0.014216875 0.462908447 0.268120766 0.844763219
1548266205.517160 0.271246552 -0.152817711 -1.100758076 -0.015325072 0.449570298 0.266700774 0.852362812
1548266205.550670 0.285619259 -0.120074391 -1.081693888 -0.011826942 0.455586970 0.266901731 0.849154949
1548266205.584190 0.269609660 -0.080992378 -1.055443406 -0.002681263 0.457101434 0.267929494 0.848094821
1548266205.617710 0.293171048 -0.097449131 -1.087860107 0.001155695 0.434050053 0.268454671 0.859960079
1548266205.651220 0.299900264 -0.151557058 -1.071489334 -0.003441751 0.434340775 0.272100210 0.858660400
1548266205.684760 0.295680761 -0.127137125 -1.092771888 0.004251895 0.427225411 0.273699552 0.861712754
1548266205.718300 0.309720010 -0.169255227 -1.074973583 0.004331488 0.414987326 0.272747070 0.867972255
1548266205.751820 0.335792571 -0.168284923 -1.096327305 0.005294832 0.413131177 0.275011957 0.868137658
1548266205.785330 0.305994421 -0.159106061 -1.071532607 0.010743310 0.418572485 0.276718020 0.864932835
1548266205.818830 0.338705271 -0.175129592 -1.116597891 0.016663909 0.396407932 0.275711507 0.875537694
1548266205.852320 0.344928831 -0.168765828 -1.101564527 0.021662408 0.397660732 0.273138046 0.875666738
1548266205.885820 0.323499143 -0.133576542 -1.121123672 0.034346305 0.393706411 0.273267597 0.877006531
1548266205.919340 0.335873425 -0.183991432 -1.105049610 0.034208197 0.388428211 0.269550711 0.880508780
1548266205.952850 0.343329728 -0.191200957 -1.109863997 0.038118966 0.386854082 0.267925650 0.881536543
1548266205.986370 0.343651593 -0.195231780 -1.113759995 0.042407919 0.384276778 0.266962618 0.882759273
1548266206.019830 0.344548643 -0.182431132 -1.114631176 0.047604408 0.382985592 0.263590187 0.884067893
1548266206.052940 0.347160220 -0.181063518 -1.121990561 0.050358634 0.381662548 0.262504160 0.884810328
1548266206.086450 0.349501193 -0.192410752 -1.118775368 0.051663883 0.381036848 0.262466490 0.885015905
1548266206.119970 0.352583945 -0.200910255 -1.121248960 0.052962340 0.379665911 0.261846244 0.885711730
1548266206.153480 0.357301235 -0.182727769 -1.126729012 0.056278396 0.378442407 0.258623123 0.886976957
1548266206.187000 0.354684800 -0.184026092 -1.125769615 0.056672469 0.381363094 0.257089168 0.886146486
1548266206.220520 0.357403725 -0.202941641 -1.124296904 0.056054242 0.381141961 0.256570220 0.886431277
1548266206.254030 0.372134358 -0.193832099 -1.131243706 0.057705015 0.376916111 0.252416342 0.889320195
1548266206.287550 0.360961169 -0.220210239 -1.119924903 0.056174997 0.378220290 0.250000983 0.889546692
1548266206.321290 0.370521009 -0.206435323 -1.119135976 0.058640085 0.376008242 0.244466349 0.891860604
1548266206.354820 0.372940242 -0.206426457 -1.120561719 0.059145603 0.376300663 0.240831003 0.892692566
1548266206.388340 0.367605865 -0.229387254 -1.113021135 0.057560064 0.377023935 0.238629475 0.893082201
1548266206.488960 0.376331478 -0.206717834 -1.104198337 0.064855680 0.372527540 0.223271176 0.898424745
1548266206.522470 0.376668304 -0.204767168 -1.106341124 0.065402254 0.371869087 0.220241621 0.899405122
1548266206.556070 0.378231943 -0.201244518 -1.106754303 0.065269768 0.371288598 0.217416480 0.900341451
1548266206.589580 0.385137647 -0.201918438 -1.104626775 0.063944846 0.371108562 0.215286195 0.901022434
1548266206.623120 0.392753929 -0.206247479 -1.103525519 0.062322397 0.369502902 0.213575438 0.902202368
1548266206.656660 0.389903754 -0.194790304 -1.100018263 0.062486123 0.370444298 0.210034579 0.902636170
1548266206.690190 0.398915350 -0.202025592 -1.093878150 0.060025141 0.370849729 0.209916309 0.902664185
1548266206.723920 0.411348939 -0.190392673 -1.095771313 0.060320377 0.366973579 0.207869932 0.904699922
1548266206.757440 0.403633624 -0.177612334 -1.089409947 0.060305927 0.368348718 0.204110771 0.904997885
1548266206.791070 0.403206676 -0.180765390 -1.082677722 0.057458177 0.371660858 0.203876719 0.903881133
1548266206.824650 0.399862230 -0.180452585 -1.072575212 0.056203201 0.371439606 0.202417672 0.904378772
1548266206.858210 0.412096590 -0.177672982 -1.077797532 0.054309823 0.369217902 0.200686365 0.905788898
1548266206.891790 0.408625484 -0.157430604 -1.071173906 0.055031683 0.372707784 0.199750379 0.904522121
1548266206.925310 0.436600953 -0.182757035 -1.073852897 0.049168780 0.369856834 0.202154353 0.905495465
1548266206.958820 0.435704947 -0.172252730 -1.069866657 0.049620040 0.367394239 0.200414404 0.906859040
1548266206.992340 0.444023579 -0.161991775 -1.070026755 0.049429964 0.366230398 0.199440762 0.907554626
1548266207.025860 0.458518416 -0.169772342 -1.070086241 0.046914466 0.364617616 0.200674817 0.908065319
1548266207.059300 0.457552165 -0.163287371 -1.064496756 0.046638858 0.362504661 0.198673680 0.909364581
1548266207.092820 0.452014834 -0.139948130 -1.064890265 0.048049327 0.363287300 0.195499107 0.909666836
1548266207.126290 0.465087473 -0.145700857 -1.060399652 0.044653837 0.364560336 0.195789859 0.909267902
1548266207.159750 0.469744116 -0.153140992 -1.059657812 0.042132404 0.363940120 0.196236581 0.909540355
1548266207.193200 0.478659570 -0.138893336 -1.061947942 0.041974831 0.362973243 0.194428504 0.910321951
1548266207.226650 0.479658753 -0.134326100 -1.056590557 0.040857241 0.364358753 0.193655893 0.909983933
1548266207.260110 0.489983320 -0.128734678 -1.057956457 0.039526228 0.364296556 0.192911774 0.910225630
1548266207.293620 0.487845451 -0.117435239 -1.052531481 0.039708618 0.365825146 0.191621318 0.909877181
1548266207.327140 0.500037670 -0.122718491 -1.054731607 0.037107795 0.365220159 0.192648366 0.910013139
1548266207.360650 0.509451926 -0.133510455 -1.054080606 0.034439571 0.364342988 0.193594739 0.910268784
1548266207.394170 0.512145698 -0.125692531 -1.052457929 0.035124443 0.363330662 0.193024352 0.910768211
1548266207.427690 0.521884024 -0.108281210 -1.056910634 0.036233526 0.362651438 0.191941619 0.911224186
1548266207.461240 0.524793029 -0.112563491 -1.055546641 0.034626666 0.363661647 0.192927748 0.910675645
1548266207.494780 0.524164736 -0.112966493 -1.050813913 0.034599796 0.363842517 0.193704814 0.910439432
1548266207.528300 0.530986547 -0.104009137 -1.050312877 0.035570130 0.361757398 0.193160370 0.911348164
1548266207.561860 0.528413355 -0.097489230 -1.048668623 0.035945334 0.362118214 0.192597732 0.911309183
1548266207.595380 0.536200881 -0.099965669 -1.049161077 0.034889676 0.359700292 0.193731904 0.912067115
1548266207.628890 0.541267216 -0.092852473 -1.051067829 0.034865059 0.356182605 0.193551347 0.913485765
1548266207.662330 0.540727139 -0.083380125 -1.047285914 0.034640808 0.354152083 0.192057326 0.914598465
1548266207.695850 0.540327191 -0.080319799 -1.044423819 0.033235282 0.353399396 0.192433968 0.914862573
1548266207.729360 0.538180888 -0.080756173 -1.037531018 0.031691995 0.352328748 0.191760495 0.915471494
1548266207.762880 0.538389623 -0.081635639 -1.033313394 0.030456584 0.351390570 0.191237509 0.915983200
1548266207.796400 0.548083365 -0.073118091 -1.035831213 0.030514590 0.348807245 0.191036075 0.917010128
1548266207.829910 0.543222845 -0.076746032 -1.028330326 0.029561294 0.348496854 0.190323964 0.917307377
1548266207.863920 0.546922743 -0.082025155 -1.028586984 0.028580217 0.346700847 0.191416949 0.917791486
1548266207.897640 0.537119389 -0.075434655 -1.021414757 0.030209590 0.346294373 0.190140978 0.918157935
1548266207.931800 0.533993483 -0.068307146 -1.018272161 0.031334128 0.346084774 0.189102799 0.918413639
1548266207.965320 0.535140574 -0.068194278 -1.019373298 0.031606946 0.345922440 0.189436570 0.918396652
1548266207.997370 0.535850704 -0.078461282 -1.017286301 0.031020049 0.347102910 0.190524399 0.917746007
1548266208.031090 0.535376668 -0.080951206 -1.017177582 0.032880601 0.345196575 0.189908504 0.918527544
1548266208.064610 0.540081263 -0.072607234 -1.024780750 0.035638396 0.344251364 0.187898293 0.919192672
1548266208.098120 0.534290254 -0.062268805 -1.022238016 0.038617719 0.347891331 0.186042860 0.918078661
1548266208.131640 0.525551736 -0.090585440 -1.015725970 0.038015965 0.350137800 0.188028991 0.916844249
1548266208.165160 0.525053978 -0.066137724 -1.019760728 0.044377103 0.348651230 0.185038343 0.917732954
1548266208.198670 0.519510508 -0.069231845 -1.017332196 0.046339024 0.351314574 0.184196770 0.916789174
1548266208.232520 0.513878763 -0.064190336 -1.014559507 0.049803436 0.353424966 0.183559939 0.915923715
1548266208.266960 0.509855688 -0.074779496 -1.014108419 0.050982602 0.354742676 0.182729751 0.915515304
1548266208.299560 0.506453216 -0.065997794 -1.014912486 0.053910907 0.355340660 0.182282090 0.915204823
1548266208.333080 0.501936138 -0.057169825 -1.015094399 0.056447048 0.357458740 0.181404814 0.914401054
1548266208.366580 0.493670970 -0.068350673 -1.006363988 0.056689341 0.359236449 0.182878435 0.913395286
1548266208.400100 0.495251894 -0.060099121 -1.010920405 0.058460791 0.357992291 0.182709709 0.913805783
1548266208.433610 0.492651701 -0.049184404 -1.008698702 0.060093608 0.360188723 0.181965217 0.912984967
1548266208.467120 0.489649475 -0.054865669 -1.002973080 0.059518531 0.362232894 0.183516115 0.911902785
1548266208.500640 0.490818262 -0.056110486 -1.005051851 0.059748776 0.363152266 0.184325814 0.911358595
1548266208.534160 0.488497913 -0.068506978 -1.002822876 0.058712561 0.365199000 0.186808825 0.910101652
1548266208.567670 0.481929630 -0.079781853 -0.996065021 0.058521155 0.366644174 0.188785344 0.909124553
1548266208.600520 0.488623977 -0.080530033 -1.000357032 0.059685975 0.365690321 0.190591380 0.909056127
1548266208.634510 0.485486120 -0.085084781 -0.998800337 0.060928080 0.366447389 0.191878289 0.908397973
1548266208.668030 0.480821073 -0.084003143 -0.995852709 0.063193813 0.367311776 0.192035392 0.907860696
1548266208.701540 0.482094914 -0.082412384 -0.997205853 0.065524258 0.366987586 0.191666052 0.907904625
1548266208.734970 0.479049206 -0.083343871 -0.994078398 0.067522742 0.369514167 0.191242576 0.906822026
1548266208.768480 0.479332298 -0.106251903 -0.993815124 0.066806659 0.369592130 0.192862332 0.906500220
1548266208.802000 0.470672190 -0.101627260 -0.991052270 0.070069671 0.369537205 0.191342488 0.906598330
1548266208.835450 0.461796820 -0.085318319 -0.988753676 0.073604584 0.372629404 0.188902438 0.905563653
1548266208.868890 0.446613252 -0.121138349 -0.978853941 0.070384711 0.377765715 0.192802995 0.902865469
1548266208.902170 0.446796030 -0.121745944 -0.979682624 0.072128408 0.374981284 0.192731738 0.903903186
1548266208.935920 0.440914124 -0.116709255 -0.973401546 0.074261837 0.375803083 0.191937700 0.903558075
1548266208.969520 0.442195237 -0.118748337 -0.967591345 0.074687682 0.377056032 0.193107992 0.902751207
1548266209.036610 0.436568558 -0.125555515 -0.959668100 0.076371916 0.374738157 0.193186015 0.903558373
1548266209.070140 0.438843966 -0.131501228 -0.959366918 0.075986005 0.376332134 0.194753334 0.902591467
1548266209.103740 0.431902885 -0.142842382 -0.952190220 0.075659886 0.376431435 0.195936263 0.902321398
1548266209.137270 0.435638189 -0.146767825 -0.952998579 0.076741323 0.374516666 0.196382120 0.902929723
1548266209.170790 0.432917625 -0.150297329 -0.947723448 0.077810027 0.375636637 0.196567044 0.902332604
1548266209.204350 0.436316729 -0.161542818 -0.946715713 0.078261733 0.374749571 0.198100671 0.902327001
1548266209.237860 0.438493460 -0.156635955 -0.943413556 0.081594430 0.372980952 0.198164508 0.902750432
1548266209.271340 0.426408589 -0.149793714 -0.937891901 0.084535562 0.375205547 0.198178113 0.901554167
1548266209.304850 0.431042910 -0.158123672 -0.938556790 0.085005328 0.375395924 0.200866222 0.900835574
1548266209.338410 0.432731837 -0.164617568 -0.938176453 0.085866094 0.374639183 0.202120110 0.900788486
1548266209.371930 0.426223487 -0.166878447 -0.935311258 0.087070450 0.375740141 0.202245370 0.900186002
1548266209.405450 0.417715400 -0.166985705 -0.927845180 0.087388560 0.379773647 0.202191353 0.898473084
1548266209.438960 0.417566270 -0.168741137 -0.922009468 0.087516770 0.383600444 0.203366265 0.896567762
1548266209.472470 0.429311246 -0.180267200 -0.923552215 0.086518161 0.384092093 0.205676273 0.895926952
1548266209.505950 0.434156477 -0.181394026 -0.924963951 0.087818615 0.383918107 0.205779448 0.895851314
1548266209.539460 0.428802460 -0.188022047 -0.926637352 0.087352492 0.387296259 0.205295220 0.894553006
1548266209.572580 0.434849948 -0.197027862 -0.926218390 0.086751655 0.389135808 0.207136154 0.893387973
1548266209.606080 0.431996495 -0.197307378 -0.924318194 0.086948998 0.391531706 0.206451669 0.892479956
1548266209.639580 0.433997840 -0.202827007 -0.922998846 0.086108543 0.397266954 0.208066791 0.889647365
1548266209.673090 0.444390982 -0.201454848 -0.926174760 0.086806916 0.399583787 0.210655212 0.887931108
1548266209.706610 0.444495618 -0.211591318 -0.917250335 0.085317001 0.401691556 0.210467324 0.887168765
1548266209.740140 0.450354695 -0.213201880 -0.930991173 0.083604738 0.402595341 0.211748526 0.886617064
1548266209.773670 0.463834435 -0.217453197 -0.927196801 0.081916913 0.404099584 0.214068562 0.885532498
1548266209.807470 0.469068289 -0.226123139 -0.918647587 0.079612255 0.405515939 0.214472666 0.884997308
1548266209.840990 0.474869788 -0.228319049 -0.922560513 0.076801486 0.407506287 0.215046182 0.884191871
1548266209.874220 0.484661102 -0.231215194 -0.916877210 0.074761569 0.410349041 0.216129959 0.882786632
1548266209.907720 0.496382147 -0.231750891 -0.909722149 0.074952759 0.410046577 0.217594892 0.882551014
1548266209.941250 0.490912288 -0.232529491 -0.915636301 0.072744220 0.410816580 0.215387613 0.882919133
1548266209.974760 0.502430379 -0.227091268 -0.896516085 0.072882846 0.414238930 0.216432497 0.881051183
1548266210.008270 0.520654142 -0.235643804 -0.895023048 0.071302615 0.410824925 0.217477649 0.882520437
1548266210.041640 0.513022959 -0.237549707 -0.889752984 0.069213293 0.411481023 0.213961288 0.883240342
1548266210.075050 0.521850228 -0.239240065 -0.892996848 0.064996235 0.416108161 0.214240417 0.881323159
1548266210.108570 0.541505158 -0.229818866 -0.872919381 0.066632517 0.415786862 0.217612132 0.880526185
1548266210.142630 0.549414456 -0.239292666 -0.862934828 0.063028283 0.409282207 0.215165555 0.884431601
1548266210.176280 0.547067642 -0.238254055 -0.859532833 0.060291827 0.412384421 0.216366068 0.882887125
1548266210.209120 0.556950152 -0.229920760 -0.838954508 0.061761245 0.410974026 0.222118080 0.882014453
1548266210.242550 0.575061798 -0.236331850 -0.840338826 0.057247415 0.402003139 0.221177250 0.886677384
1548266210.276070 0.583082080 -0.220145017 -0.834627151 0.056282800 0.402146816 0.221031532 0.886710346
1548266210.309580 0.597213387 -0.207347393 -0.823364854 0.054228365 0.404345989 0.224126086 0.885059953
1548266210.343100 0.619424641 -0.209023207 -0.818876982 0.051985770 0.397587746 0.224981070 0.888034344
1548266210.376700 0.613853872 -0.209315524 -0.809716225 0.048829004 0.397641838 0.222479314 0.888819218
1548266210.410400 0.625261188 -0.208757102 -0.797743082 0.044512954 0.402549714 0.223659620 0.886537433
1548266210.443920 0.633961558 -0.199863747 -0.793347597 0.045163721 0.398288727 0.223492160 0.888469219
1548266210.477540 0.631309092 -0.195615575 -0.788212419 0.043294087 0.398748189 0.220063418 0.889211774
1548266210.511060 0.619069457 -0.203131795 -0.782354712 0.039066013 0.407330394 0.221603379 0.885125816
1548266210.544570 0.644033909 -0.195161566 -0.772173941 0.037655987 0.408616394 0.222997874 0.884243548
1548266210.578240 0.635368168 -0.187862113 -0.767617166 0.037667140 0.410244346 0.219308063 0.884412110
1548266210.611760 0.626222432 -0.191088289 -0.764258742 0.033777874 0.419969857 0.218924060 0.880088985
1548266210.645150 0.646472037 -0.177898481 -0.756011844 0.033102620 0.423515260 0.219150558 0.878357589
1548266210.678670 0.645098686 -0.173498631 -0.755344868 0.031963114 0.425859839 0.217199281 0.877750635
1548266210.712310 0.615296423 -0.182316542 -0.727106512 0.028112605 0.444149375 0.216227338 0.869014800
1548266210.745820 0.651988745 -0.172308773 -0.729230940 0.026953213 0.444338620 0.217929438 0.868529499
1548266210.779340 0.652345538 -0.175273523 -0.723830938 0.025477897 0.446258724 0.217124581 0.867790878
1548266210.812850 0.653077185 -0.162461936 -0.739501715 0.024182180 0.452055752 0.215575665 0.865209758
1548266210.846330 0.667343140 -0.164598197 -0.711395502 0.020237222 0.464575171 0.217404827 0.858193159
1548266210.879840 0.668256938 -0.155529305 -0.708308756 0.020499073 0.467981964 0.217467666 0.856317997
1548266210.913300 0.671440363 -0.154529512 -0.705649376 0.018410964 0.472851038 0.217569068 0.853660703
1548266210.946800 0.672998667 -0.154850304 -0.700754941 0.015514066 0.477989644 0.218067259 0.850724339
1548266210.980310 0.680422068 -0.145159632 -0.688672185 0.015768740 0.481658578 0.219249830 0.848343015
1548266211.013830 0.689019203 -0.143921658 -0.686088622 0.015296075 0.483937800 0.219566256 0.846971571
1548266211.047360 0.689580321 -0.155431435 -0.681019187 0.012403172 0.487668335 0.219718859 0.844836891
1548266211.080880 0.690415025 -0.150444791 -0.671899140 0.012183997 0.493480355 0.220175087 0.841339171
1548266211.114390 0.691404402 -0.140518144 -0.659272134 0.013964768 0.497633547 0.221133664 0.838609397
1548266211.147910 0.688800395 -0.147480682 -0.647394180 0.013713126 0.501280129 0.222147942 0.836170137
1548266211.181360 0.678193152 -0.165624067 -0.632247746 0.011925180 0.506726325 0.223889828 0.832441926
1548266211.214880 0.702413380 -0.149853781 -0.645659983 0.014436267 0.503836274 0.224510178 0.833987892
1548266211.248400 0.694473505 -0.163179576 -0.627618134 0.013046442 0.510031164 0.224292636 0.830295622
1548266211.281910 0.701018691 -0.167395487 -0.631266117 0.011963910 0.513560772 0.226085082 0.827645898
1548266211.315380 0.703322828 -0.165992007 -0.607388079 0.013769855 0.521040022 0.228776112 0.822185636
1548266211.348900 0.703848779 -0.179781854 -0.598737955 0.013817838 0.521654367 0.229488418 0.821596563
1548266211.382410 0.687135041 -0.193107128 -0.584562480 0.014382089 0.525131464 0.228850663 0.819547117
1548266211.415930 0.687909365 -0.195263609 -0.578931868 0.015421115 0.527847290 0.229041830 0.817728102
1548266211.449450 0.685274839 -0.195288002 -0.567640960 0.018089561 0.529102147 0.230434448 0.816470206
1548266211.482990 0.684666514 -0.199841410 -0.565515101 0.019693676 0.526402116 0.230048567 0.818285167
1548266211.516500 0.686544955 -0.219216377 -0.551511168 0.017313235 0.528981090 0.231079906 0.816383064
1548266211.583540 0.684007287 -0.229104459 -0.539497793 0.018952779 0.525638938 0.231388539 0.818415463
1548266211.617050 0.684616983 -0.236971512 -0.534494102 0.016424796 0.527457714 0.231638387 0.817228377
1548266211.650590 0.683672190 -0.237497211 -0.524366856 0.016964650 0.528579652 0.232112035 0.816357613
1548266211.684100 0.680778265 -0.245535523 -0.509532690 0.016940219 0.528603613 0.231313795 0.816569149
1548266211.717600 0.682077706 -0.260901481 -0.500575960 0.012734772 0.530639410 0.229821414 0.815746129
1548266211.751110 0.675985873 -0.255888820 -0.489051402 0.014008167 0.533942580 0.229976386 0.813523114
1548266211.784630 0.668527603 -0.242661580 -0.483923703 0.018833786 0.530065000 0.228756219 0.816300750
1548266211.818150 0.680119455 -0.284104973 -0.470949441 0.010381880 0.528573990 0.227818891 0.817679822
1548266211.851670 0.672570109 -0.279032946 -0.458366126 0.012359787 0.530971229 0.227247909 0.816256821
1548266211.885220 0.658268273 -0.265360504 -0.452573925 0.018727649 0.528425038 0.226324901 0.818042338
1548266211.918780 0.667522907 -0.287154078 -0.442209721 0.015930956 0.527067244 0.225694984 0.819150865
1548266211.952300 0.663944423 -0.283233762 -0.448772877 0.018748537 0.527345002 0.225638345 0.818928003
1548266211.985810 0.651826262 -0.280445784 -0.444484532 0.022795442 0.528727531 0.225624666 0.817937076
1548266212.019330 0.653499901 -0.295922577 -0.436366796 0.021937536 0.528961718 0.225132406 0.817944705
1548266212.052800 0.641160667 -0.304209113 -0.414629608 0.022215178 0.536482394 0.224185824 0.813285828
1548266212.086300 0.639429033 -0.299610555 -0.404740125 0.025092347 0.540403128 0.225232050 0.810311854
1548266212.119810 0.631089926 -0.298000395 -0.398942441 0.028708564 0.538091481 0.223926544 0.812090099
1548266212.153330 0.637348115 -0.310073823 -0.408081979 0.027140509 0.535463512 0.225064173 0.813565195
1548266212.186840 0.631148875 -0.304131925 -0.395581752 0.029922044 0.537838876 0.226270676 0.811563671
1548266212.220360 0.632262945 -0.307768643 -0.383692235 0.030031724 0.536995530 0.226863295 0.811952531
1548266212.253870 0.635534704 -0.317346662 -0.375366628 0.027750624 0.536837220 0.227272734 0.812023878
1548266212.287390 0.633651137 -0.312800735 -0.373630613 0.028088773 0.537438571 0.227826014 0.811459243
1548266212.320910 0.638797939 -0.316783160 -0.369654924 0.027076319 0.535915852 0.228799626 0.812226474
1548266212.354450 0.637229383 -0.317995697 -0.361887127 0.026794910 0.535532951 0.228299856 0.812628865
1548266212.387960 0.642044723 -0.330825031 -0.348771095 0.024919288 0.537126303 0.229534432 0.811288059
1548266212.421480 0.643024325 -0.333440840 -0.347615123 0.024719054 0.537516773 0.230118975 0.810869873
1548266212.455000 0.645139694 -0.341250867 -0.333202928 0.024473753 0.538029909 0.231447890 0.810158491
1548266212.488710 0.647647142 -0.345018744 -0.324577600 0.025799507 0.537464917 0.233151853 0.810003757
1548266212.522410 0.652648926 -0.358329922 -0.314144939 0.025881311 0.538115323 0.235775203 0.808809102
1548266212.555930 0.654977500 -0.362823844 -0.309548140 0.027834198 0.539803088 0.239463225 0.806532860
1548266212.589440 0.655963898 -0.366364330 -0.308449268 0.030865833 0.539628923 0.243019417 0.805474758
1548266212.622960 0.656821251 -0.371526718 -0.302253425 0.034835439 0.538778782 0.246450618 0.804839134
1548266212.656480 0.662315965 -0.380735219 -0.301031560 0.034560524 0.539052486 0.249427199 0.803750038
1548266212.689990 0.662047863 -0.380989075 -0.296495348 0.035589870 0.540950596 0.252807945 0.801370025
1548266212.723510 0.665429771 -0.387844831 -0.289990306 0.036865655 0.540833414 0.256182909 0.800319016
1548266212.757030 0.670007706 -0.400901765 -0.283472329 0.035356991 0.540642500 0.256849676 0.800302327
1548266212.789860 0.670884252 -0.406264961 -0.278116047 0.035313394 0.542100430 0.258535028 0.798773885
1548266212.823340 0.673309147 -0.408040345 -0.272619128 0.037545878 0.541268528 0.260267466 0.798673630
1548266212.856850 0.679914057 -0.418242335 -0.267355651 0.037178751 0.539083183 0.259645224 0.800369561
1548266212.890360 0.679866612 -0.423226893 -0.262607247 0.037845857 0.540678322 0.259312093 0.799369693
1548266212.923870 0.681034029 -0.427579790 -0.260955155 0.038698133 0.541386724 0.260004938 0.798623979
1548266212.957390 0.678774178 -0.431144357 -0.251423001 0.040235925 0.541805565 0.259220451 0.798518956
1548266212.990900 0.678354800 -0.439924598 -0.250160813 0.039607715 0.542686343 0.258334905 0.798239231
1548266213.024420 0.675220191 -0.441717118 -0.242911026 0.040224649 0.545351505 0.258460373 0.796349168
1548266213.057930 0.673778713 -0.442602068 -0.241325647 0.040888425 0.544829488 0.258029938 0.796812057
1548266213.091460 0.673590779 -0.446468383 -0.233381823 0.040269513 0.546228826 0.257890135 0.795930326
1548266213.124980 0.674682617 -0.456691980 -0.228114635 0.038091548 0.547710001 0.258144587 0.794936597
1548266213.158630 0.670945287 -0.458615243 -0.221191525 0.036741354 0.549867451 0.258079380 0.793530643
1548266213.192450 0.670450985 -0.457751215 -0.213315800 0.036272846 0.551818550 0.258887529 0.791932940
1548266213.226010 0.670059562 -0.463869542 -0.206429973 0.035311945 0.553524137 0.260099977 0.790387273
1548266213.259530 0.666948736 -0.463116318 -0.200632542 0.035875473 0.554822206 0.260844737 0.789205492
1548266213.293070 0.668618739 -0.467842460 -0.194653645 0.035081819 0.556465745 0.262100548 0.787666440
1548266213.326590 0.668780744 -0.470556945 -0.186201528 0.035450619 0.559422553 0.263565093 0.785062492
1548266213.360110 0.665371597 -0.471406430 -0.181471601 0.037048865 0.561636448 0.264873564 0.782964766
1548266213.393620 0.660501063 -0.471560806 -0.170991480 0.039202232 0.562853932 0.265393615 0.781808734
1548266213.427140 0.658524871 -0.480321586 -0.164919168 0.037865721 0.566690683 0.266528666 0.778710663
1548266213.460630 0.653037786 -0.476016074 -0.163175479 0.039665550 0.569921851 0.267922848 0.775779009
1548266213.494150 0.643131554 -0.468126923 -0.153594404 0.043239843 0.571495533 0.268003583 0.774401248
1548266213.527730 0.646805942 -0.483175248 -0.144586623 0.039947633 0.572194219 0.267727017 0.774157763
1548266213.561240 0.641655266 -0.484304667 -0.137563929 0.040309384 0.575916409 0.267676383 0.771391451
1548266213.594760 0.634662032 -0.479956329 -0.131911352 0.042589374 0.578228354 0.268587112 0.769219816
1548266213.628200 0.628578186 -0.479951292 -0.118563719 0.043509554 0.579458296 0.268360734 0.768321216
1548266213.661590 0.623552263 -0.486157686 -0.113648742 0.041756772 0.582448423 0.268127382 0.766236186
1548266213.695110 0.614966810 -0.477892637 -0.108640045 0.043630838 0.586351931 0.268349499 0.763070345
1548266213.728630 0.609577954 -0.472041368 -0.096166626 0.045401320 0.587338865 0.267377734 0.762548923
1548266213.762080 0.605200648 -0.481997907 -0.090809248 0.042478308 0.588905752 0.265955776 0.762005985
1548266213.795600 0.601346672 -0.480309635 -0.082159474 0.042252727 0.594434083 0.265302241 0.757943034
1548266213.829110 0.595890641 -0.465985864 -0.070424423 0.045847930 0.597061157 0.264173508 0.756061018
1548266213.862630 0.596719444 -0.468608201 -0.060312167 0.044126682 0.596597373 0.261505395 0.757455826
1548266213.896140 0.604539394 -0.483975619 -0.052385680 0.038124409 0.600815952 0.259773463 0.755039394
1548266213.929720 0.590775669 -0.474300295 -0.044503238 0.040628430 0.605786026 0.258882791 0.751233876
1548266213.963330 0.589147985 -0.470835775 -0.035898797 0.040940918 0.608382463 0.257977128 0.749428034
1548266213.996850 0.587516904 -0.474125862 -0.030459048 0.039853353 0.611882567 0.257709026 0.746724427
1548266214.030360 0.575411141 -0.465016633 -0.032521982 0.044745822 0.616034567 0.259250879 0.742487788
1548266214.063880 0.576077521 -0.465323955 -0.018984733 0.045557115 0.620179951 0.259263277 0.738974929
1548266214.131030 0.570592225 -0.466707647 -0.000749264 0.044054385 0.628020644 0.257426083 0.733062804
1548266214.164920 0.563131392 -0.461021900 0.009875829 0.047698367 0.632593751 0.257493585 0.728866994
1548266214.198440 0.556954265 -0.463038087 0.003154362 0.047499336 0.636066258 0.257905155 0.725705504
1548266214.231960 0.555983543 -0.452266365 0.021638205 0.051486403 0.640676558 0.258359164 0.721202612
1548266214.265470 0.554044724 -0.456190467 0.027046787 0.050383385 0.640772820 0.257290334 0.721577048
1548266214.298990 0.549443066 -0.460242480 0.023512201 0.048051547 0.642322302 0.257216096 0.720383883
1548266214.332500 0.546464980 -0.457204670 0.027503211 0.047220509 0.644404769 0.257818818 0.718360782
1548266214.366020 0.544109523 -0.452091247 0.038864844 0.046400420 0.646215379 0.258285522 0.716617942
1548266214.399540 0.538134873 -0.456805646 0.037575420 0.043102529 0.644712269 0.259027481 0.717908800
1548266214.433050 0.541967094 -0.459170282 0.044451769 0.039176460 0.645521760 0.260502607 0.716871858
1548266214.466570 0.539407969 -0.454319209 0.053595189 0.038729157 0.645785868 0.262832522 0.715807080
1548266214.500070 0.543262601 -0.459858090 0.056695670 0.035539042 0.644266546 0.265903562 0.716207325
1548266214.533470 0.548257470 -0.461886019 0.067933939 0.034563251 0.643429279 0.269470483 0.715674341
1548266214.566990 0.553898990 -0.472818941 0.073954269 0.031135336 0.643348634 0.272291541 0.714835942
1548266214.600500 0.559354901 -0.477208495 0.085693732 0.030771518 0.644151807 0.275586724 0.712862909
1548266214.634020 0.562155783 -0.477986723 0.094033547 0.031964853 0.643553078 0.277733654 0.712517858
1548266214.667390 0.563834369 -0.482819498 0.097737528 0.032717030 0.642145097 0.279906720 0.712903559
1548266214.700910 0.567934155 -0.490150362 0.105598412 0.033537876 0.641599596 0.281951964 0.712550521
1548266214.734380 0.568956316 -0.496710539 0.105627246 0.034287360 0.640499055 0.283949614 0.712711692
1548266214.767890 0.569073737 -0.505680442 0.110902898 0.035869140 0.640626371 0.287222803 0.711206198
1548266214.801380 0.572750032 -0.510682523 0.114264891 0.037872206 0.639455616 0.290560186 0.710800290
1548266214.834460 0.572929919 -0.513301134 0.119112596 0.040485989 0.638643205 0.294377744 0.709815145
1548266214.867980 0.572521210 -0.516529799 0.124072000 0.042767756 0.636609852 0.297469258 0.710218847
1548266214.901470 0.580002367 -0.527276456 0.130970582 0.042196274 0.635195792 0.300134629 0.710397720
1548266214.934990 0.589590728 -0.544250488 0.139987528 0.039081424 0.635748029 0.302290291 0.709166825
1548266214.968500 0.587951481 -0.547033608 0.140312061 0.039531853 0.636301398 0.304723918 0.707602382
1548266215.002040 0.583886027 -0.546506166 0.151673287 0.043052435 0.636044919 0.307604015 0.706380308
1548266215.035650 0.591365576 -0.558251679 0.156744167 0.040872056 0.634302258 0.309805393 0.707114398
1548266215.069160 0.593048930 -0.565207541 0.160254836 0.040590599 0.633849680 0.313099265 0.706084847
1548266215.102590 0.593151927 -0.569795191 0.166184753 0.042152166 0.632951558 0.316745013 0.705172420
1548266215.136080 0.600803971 -0.582135141 0.170539841 0.040709488 0.632786453 0.319411218 0.704201996
1548266215.169620 0.603136003 -0.587715566 0.170250043 0.041485891 0.633070350 0.321899414 0.702767134
1548266215.203230 0.604275346 -0.594381154 0.177210912 0.042355705 0.634594023 0.323767394 0.700479209
1548266215.236760 0.603635967 -0.599741042 0.183100134 0.043710813 0.635908723 0.325163096 0.698554516
1548266215.270540 0.600163698 -0.604361415 0.184082329 0.045670822 0.636679888 0.326741725 0.696988344
1548266215.304120 0.598014414 -0.607608676 0.182315499 0.047378741 0.638455391 0.328339338 0.694494963
1548266215.337640 0.592603445 -0.609324217 0.187461689 0.050773352 0.640056908 0.330651462 0.691678286
1548266215.371150 0.586688757 -0.617453098 0.188509390 0.052235663 0.640736759 0.332206041 0.690193415
1548266215.404670 0.579717398 -0.624223769 0.183738425 0.053090867 0.641380250 0.334230095 0.688551366
1548266215.438180 0.576908171 -0.626582861 0.188909948 0.055602618 0.643272281 0.337022930 0.685218692
1548266215.471640 0.568120599 -0.624390364 0.194909185 0.059271421 0.643996596 0.338709384 0.683396816
1548266215.505150 0.559132397 -0.627872705 0.193521991 0.061107125 0.643013000 0.339893341 0.683573484
1548266215.538670 0.553428888 -0.628007650 0.197048411 0.063000932 0.643553793 0.340983599 0.682348609
1548266215.572160 0.548102081 -0.630572081 0.197969854 0.064428270 0.643711090 0.342230469 0.681442082
1548266215.605670 0.538956702 -0.633187234 0.200558558 0.066344596 0.643671036 0.342424899 0.681198359
1548266215.639220 0.538263798 -0.642324150 0.210361660 0.065251507 0.645258069 0.341922224 0.680053949
1548266215.672710 0.531613171 -0.642514646 0.215935111 0.067531481 0.646206558 0.341920078 0.678930938
1548266215.706210 0.523383498 -0.643422365 0.223375514 0.068468124 0.647079587 0.340512007 0.678713262
1548266215.739720 0.518187463 -0.645717978 0.230762720 0.068346664 0.648884654 0.338599831 0.677958429
1548266215.773240 0.509955168 -0.648060858 0.236758530 0.069208898 0.650490224 0.336402059 0.677426219
1548266215.806750 0.506655037 -0.652005672 0.247245967 0.068835817 0.652517319 0.333182424 0.677105784
1548266215.840210 0.495144278 -0.651846051 0.253859639 0.068997435 0.654197216 0.328825384 0.677598178
1548266215.873670 0.489812046 -0.649018884 0.265441388 0.070266478 0.656319797 0.325026065 0.677248120
1548266215.907160 0.484864175 -0.654413998 0.269661248 0.068423338 0.658684731 0.320543319 0.677277327
1548266215.940640 0.474213839 -0.645093143 0.285514414 0.071787052 0.662382722 0.317092240 0.674943149
1548266215.973950 0.471287817 -0.645598352 0.297834456 0.072042771 0.662838876 0.313214570 0.676277339
1548266216.007470 0.464443356 -0.643113136 0.297759235 0.071134493 0.664302051 0.310605675 0.676141083
1548266216.040980 0.456847906 -0.628624082 0.315723151 0.075671069 0.665839911 0.307738364 0.675446689
1548266216.074500 0.455450267 -0.640086830 0.312827319 0.070841372 0.665373862 0.303672135 0.678264201
1548266216.108020 0.451142102 -0.628632188 0.329859674 0.072769448 0.668877721 0.300421685 0.676057637
1548266216.141450 0.446653783 -0.625912189 0.337675869 0.071768314 0.670319974 0.296163708 0.676614761
1548266216.174970 0.444785833 -0.622690856 0.343838900 0.070216358 0.672095537 0.292346179 0.676676393
1548266216.208490 0.443261296 -0.619735420 0.354900271 0.067666814 0.675025046 0.287654012 0.676030695
1548266216.241990 0.439961195 -0.614946008 0.361841559 0.065858811 0.676126361 0.283509046 0.676859200
1548266216.275500 0.438828468 -0.613252282 0.371416241 0.061758179 0.677350223 0.278726876 0.678007305
1548266216.309010 0.440054983 -0.609853208 0.379562438 0.058798075 0.678574741 0.274995059 0.678569674
1548266216.342530 0.442092508 -0.606209219 0.383676350 0.055282794 0.679441392 0.271509469 0.679401040
1548266216.376040 0.437139809 -0.598645329 0.388986051 0.054076113 0.680648625 0.269693047 0.679013133
1548266216.409570 0.439665347 -0.594469905 0.390328169 0.051863644 0.680415094 0.268607080 0.679849744
1548266216.443430 0.442160159 -0.594186366 0.390295327 0.048960205 0.680763304 0.268222153 0.679868460
1548266216.476950 0.439976841 -0.581718862 0.392935187 0.049514618 0.681131184 0.267970920 0.679558873
1548266216.510470 0.446176440 -0.582407594 0.392547250 0.047067653 0.681137919 0.268617660 0.679470658
1548266216.543970 0.451831013 -0.575398266 0.396216184 0.045993853 0.682195246 0.268313020 0.678603232
1548266216.577330 0.452273995 -0.566918015 0.396115988 0.045925505 0.682430804 0.267241746 0.678793728
1548266216.610730 0.452020198 -0.562647343 0.396590859 0.045394186 0.682204425 0.265463114 0.679754257
1548266216.644290 0.456844240 -0.561468720 0.397014558 0.043630492 0.682655036 0.263340563 0.680242777
1548266216.711390 0.465539902 -0.555082381 0.396243662 0.043708816 0.684596002 0.258709162 0.680064321
1548266216.744910 0.466823459 -0.550287843 0.396904081 0.045298275 0.686651707 0.256420046 0.678753495
1548266216.778430 0.465836376 -0.544590592 0.390228152 0.048437681 0.686875045 0.255282134 0.678739667
1548266216.812000 0.464303702 -0.542868555 0.384798437 0.050018851 0.687528253 0.253189266 0.678747535
1548266216.845470 0.466825545 -0.542401850 0.381432593 0.051925223 0.689257622 0.252015471 0.677285671
1548266216.878990 0.471562862 -0.539843380 0.382068813 0.054418571 0.691352427 0.251179159 0.675262511
1548266216.912500 0.473784477 -0.538410604 0.379170626 0.056293324 0.691433907 0.249378398 0.675692677
1548266216.946020 0.471095711 -0.541107357 0.368895441 0.057089530 0.690959990 0.247877881 0.676662147
1548266216.979540 0.473689139 -0.544120371 0.366267681 0.057758734 0.691556633 0.246459216 0.676514030
1548266217.013050 0.474866748 -0.544776976 0.365074724 0.059235342 0.691845119 0.245109931 0.676581502
1548266217.046570 0.473994523 -0.544983864 0.357147574 0.060573306 0.690322280 0.244154274 0.678361773
1548266217.080080 0.474398524 -0.548650324 0.349432468 0.060618144 0.689515352 0.243526489 0.679403305
1548266217.113600 0.474893004 -0.549394846 0.346144050 0.062238358 0.689316154 0.243748918 0.679379225
1548266217.147120 0.473124862 -0.552284896 0.334275067 0.062835611 0.687366009 0.244771510 0.680930674
1548266217.180600 0.475111157 -0.556383848 0.327647269 0.063374802 0.686662793 0.247166753 0.680724978
1548266217.214120 0.476534635 -0.554288924 0.325288773 0.065908097 0.686195731 0.250200301 0.679846644
1548266217.247630 0.478195965 -0.553614557 0.321535587 0.067630850 0.683825910 0.252890706 0.681068659
1548266217.280670 0.482270688 -0.559702277 0.316316336 0.066922225 0.681883872 0.255857199 0.681977212
1548266217.314140 0.485273510 -0.565939844 0.307050973 0.065945402 0.681032598 0.258973390 0.681746781
1548266217.347650 0.487640798 -0.562766612 0.306950897 0.068041757 0.680742621 0.261199653 0.680980563
1548266217.381150 0.490912646 -0.568032026 0.301376462 0.067400448 0.679702938 0.262069434 0.681748331
1548266217.414670 0.493605644 -0.572579265 0.299930960 0.066409558 0.679941118 0.262006164 0.681632340
1548266217.448190 0.498805881 -0.575520754 0.298757821 0.065185204 0.680590153 0.260914326 0.681521595
1548266217.481700 0.497047722 -0.573292494 0.296185404 0.065912314 0.680352509 0.259659439 0.682167888
1548266217.515220 0.498003960 -0.578275621 0.292677969 0.064204402 0.679259062 0.258184791 0.683977723
1548266217.548750 0.501220345 -0.584115386 0.287322342 0.061607413 0.679518044 0.257926047 0.684056997
1548266217.582310 0.498476386 -0.576570392 0.288230419 0.064138852 0.679761469 0.258387297 0.683408082
1548266217.616030 0.499340236 -0.578653038 0.282522768 0.063653253 0.677453279 0.259160221 0.685449719
1548266217.649640 0.501207471 -0.579701483 0.278630584 0.062953830 0.676012814 0.260221362 0.686533570
1548266217.683190 0.503815055 -0.584615350 0.272229522 0.061425358 0.674915433 0.261710763 0.687185287
1548266217.716830 0.502781451 -0.578563571 0.271046489 0.062593780 0.674123704 0.262512654 0.687551022
1548266217.750350 0.504571378 -0.579530478 0.271750182 0.061870128 0.672769010 0.263076782 0.688726783
1548266217.783860 0.507842720 -0.581475437 0.270267814 0.060860313 0.671156168 0.263141900 0.690363467
1548266217.817380 0.508506298 -0.582059443 0.265540928 0.059734095 0.669203281 0.262867898 0.692458868
1548266217.850900 0.510173082 -0.580466092 0.266932547 0.059942346 0.667638898 0.262452453 0.694106579
1548266217.884410 0.510138750 -0.586702168 0.255840838 0.057923403 0.665678144 0.262750447 0.696045697
1548266217.917930 0.510332882 -0.585907936 0.257538557 0.058096949 0.666312933 0.262662798 0.695456684
1548266217.951760 0.514367104 -0.589521766 0.255936533 0.057555970 0.666235447 0.263211310 0.695368588
1548266217.985640 0.516240835 -0.588996053 0.251991808 0.057933148 0.665877223 0.263531268 0.695559084
1548266218.019190 0.514680326 -0.587967038 0.251605839 0.059389047 0.665920615 0.263676375 0.695339739
1548266218.052700 0.517385364 -0.589248180 0.246743485 0.059746832 0.666017056 0.263483822 0.695289791
1548266218.086190 0.515290916 -0.589387953 0.244341120 0.060859434 0.666922987 0.262965828 0.694520533
1548266218.118910 0.516289592 -0.588420212 0.244949892 0.062005483 0.667629898 0.262222707 0.694020748
1548266218.152380 0.515557289 -0.589279234 0.241024017 0.062247586 0.668343365 0.261072963 0.693745852
1548266218.185770 0.515636146 -0.590922356 0.242378011 0.062491827 0.670210958 0.260502458 0.692134738
1548266218.219240 0.516573250 -0.587427616 0.245265678 0.064121418 0.671010315 0.259956568 0.691416025
1548266218.252750 0.514155149 -0.588937283 0.237924740 0.063685879 0.670708597 0.259710491 0.691841364
1548266218.286270 0.514306068 -0.585906446 0.235394955 0.064948991 0.671449304 0.260761559 0.690609038
1548266218.319820 0.514296353 -0.585156500 0.236868560 0.065912023 0.672259152 0.261741787 0.689357936
1548266218.353330 0.515447915 -0.587539196 0.232968718 0.065777257 0.672610998 0.262987435 0.688553095
1548266218.386970 0.516155362 -0.587223530 0.232605770 0.065894179 0.674062669 0.263904959 0.686769009
1548266218.420370 0.518482327 -0.585213900 0.233125582 0.066299625 0.675102830 0.264982939 0.685291588
1548266218.453850 0.519533515 -0.583747506 0.232574314 0.066609286 0.675108671 0.265599638 0.685017049
1548266218.487370 0.519282460 -0.584397495 0.230930462 0.065767817 0.674847960 0.265756816 0.685294211
