1548266469.886330 0.000000000 0.000000000 0.000000000 0.000000000 0.000000000 0.000000000 1.000000000
1548266469.919590 0.004651039 0.002908023 -0.007725853 0.003366044 -0.004120478 0.001772067 0.999984264
1548266469.952710 0.011041372 -0.008265384 -0.016443804 0.003879950 -0.007000728 0.001376450 0.999967039
1548266469.986230 0.010802617 -0.006973540 -0.027930580 0.006855046 -0.007820228 0.003210154 0.999940753
1548266470.019750 0.034465019 0.006952124 -0.040966198 0.012546991 -0.016686922 0.005003132 0.999769509
1548266470.053260 0.040161572 0.004012776 -0.038536947 0.013488766 -0.017934849 0.001735522 0.999746680
1548266470.086930 0.018604372 -0.004252425 -0.045084644 0.013061123 -0.014134781 0.002875265 0.999810636
1548266470.120440 0.026419811 -0.013536745 -0.052519936 0.013010328 -0.018623419 0.002278744 0.999739349
1548266470.153960 0.050210651 0.000925132 -0.060750078 0.016186904 -0.022198580 0.001709051 0.999621093
1548266470.187470 0.054198992 -0.002080013 -0.066286124 0.015670488 -0.023229517 0.002367791 0.999604523
1548266470.220840 0.022098323 -0.003424669 -0.068842277 0.015755981 -0.022389932 -0.000287351 0.999625087
1548266470.254360 0.024146440 -0.008812291 -0.069243163 0.014629856 -0.022241732 -0.002059750 0.999643445
1548266470.287840 0.025544014 -0.007909271 -0.072270654 0.014179114 -0.022273572 -0.001707083 0.999649882
1548266470.321360 0.054593790 0.001583457 -0.079247989 0.015212611 -0.027929081 -0.001919006 0.999492288
1548266470.354880 0.041439790 -0.003416649 -0.079343461 0.014026884 -0.024618512 -0.004375077 0.999588907
1548266470.388390 0.051355511 -0.003519200 -0.085676879 0.013582231 -0.024739342 -0.002596553 0.999598265
1548266470.421910 0.045556355 -0.005079194 -0.090985492 0.013932380 -0.027204145 -0.003780322 0.999525666
1548266470.455420 0.056980144 -0.005183408 -0.097318470 0.014174674 -0.029989179 -0.006061410 0.999431312
1548266470.488900 0.050572727 -0.005073631 -0.101673603 0.014189100 -0.027382631 -0.006182921 0.999505222
1548266470.522400 0.069152914 0.004651473 -0.116264038 0.017038925 -0.032490835 -0.006372047 0.999306440
1548266470.555920 0.073286682 0.002035585 -0.117584817 0.018189864 -0.036617093 -0.008497280 0.999127686
1548266470.589440 0.081566617 0.006084766 -0.125253156 0.019920988 -0.039173804 -0.009432799 0.998989284
1548266470.622960 0.049083039 0.000927265 -0.124643132 0.020311300 -0.037474450 -0.011010539 0.999030471
1548266470.656490 0.011273409 -0.000573920 -0.125797868 0.021833858 -0.036066357 -0.012685359 0.999030292
1548266470.690030 0.059585731 0.016676772 -0.136311382 0.025722891 -0.043633744 -0.012407771 0.998639286
1548266470.723520 0.076854788 0.016271742 -0.145009026 0.026253343 -0.046548948 -0.012247037 0.998495877
1548266470.757030 0.088118583 0.019790752 -0.148280278 0.027344823 -0.049489189 -0.013372984 0.998310685
1548266470.790550 0.097559549 0.024571607 -0.150962040 0.026979130 -0.049482826 -0.014417583 0.998306394
1548266470.824090 0.085255779 0.022290297 -0.151993513 0.024839707 -0.047108356 -0.014056415 0.998481929
1548266470.857610 0.119877994 0.028896526 -0.161764279 0.024493951 -0.053254407 -0.014314407 0.998177886
1548266470.891100 0.133671865 0.034852833 -0.158812448 0.023695808 -0.054431703 -0.017321853 0.998086035
1548266470.924620 0.131964475 0.038844422 -0.162319437 0.021521963 -0.052457429 -0.016693369 0.998251677
1548266470.958130 0.142181695 0.042944193 -0.162687570 0.019279266 -0.054282006 -0.018350821 0.998170853
1548266470.991650 0.155232981 0.050131094 -0.166732520 0.017570639 -0.054004986 -0.020283550 0.998180032
1548266471.025190 0.162242413 0.058495183 -0.170263886 0.015377657 -0.052636739 -0.020953525 0.998275459
1548266471.058680 0.168092459 0.051421039 -0.168290019 0.011037388 -0.052790008 -0.022908401 0.998281837
1548266471.092190 0.178891465 0.058862176 -0.167333722 0.008284220 -0.054245017 -0.024811480 0.998184979
1548266471.125710 0.183836147 0.063751109 -0.167432845 0.004566811 -0.053662315 -0.026684804 0.998192072
1548266471.159230 0.193224445 0.059986405 -0.166594520 -0.000234509 -0.055256005 -0.026995033 0.998107195
1548266471.192740 0.199766502 0.078632466 -0.169994473 -0.000749137 -0.058600452 -0.029588826 0.997842610
1548266471.226260 0.199935153 0.078977197 -0.169520974 -0.003875816 -0.057725903 -0.032110721 0.997808397
1548266471.259770 0.200924814 0.082588755 -0.167349219 -0.005918550 -0.057994466 -0.031911600 0.997789145
1548266471.293280 0.206962779 0.093880303 -0.165234804 -0.006255583 -0.061222062 -0.035057109 0.997488737
1548266471.326790 0.211256430 0.103518806 -0.169776544 -0.006880009 -0.058892023 -0.037749112 0.997526646
1548266471.360310 0.203965038 0.102664083 -0.166471660 -0.009171675 -0.058379844 -0.037422381 0.997550607
1548266471.393820 0.209897771 0.107136816 -0.169836000 -0.010037056 -0.059841741 -0.041861314 0.997279227
1548266471.427350 0.218779311 0.104701214 -0.171474263 -0.012013384 -0.056069914 -0.042649470 0.997443140
1548266471.460810 0.215653881 0.107327156 -0.169824719 -0.012525465 -0.055316508 -0.040628430 0.997563303
1548266471.494190 0.210326329 0.104363166 -0.167960316 -0.013321627 -0.059060555 -0.042361762 0.997266173
1548266471.527710 0.227924973 0.114439830 -0.166647106 -0.011391206 -0.060035307 -0.043649379 0.997176349
1548266471.561220 0.216740757 0.122398198 -0.164350122 -0.010294097 -0.053499155 -0.041990601 0.997631490
1548266471.594950 0.191637129 0.131682023 -0.162461281 -0.009131028 -0.046547282 -0.039841786 0.998079479
1548266471.628250 0.222591624 0.144911289 -0.162574679 -0.006624676 -0.050039984 -0.038520962 0.997982085
1548266471.661710 0.247239947 0.142486185 -0.162088275 -0.006275861 -0.051617719 -0.038002878 0.997923851
1548266471.695190 0.209311515 0.148270398 -0.163493097 -0.005916967 -0.047047343 -0.036303539 0.998215199
1548266471.728740 0.114301018 0.166867957 -0.157861665 -0.004413412 -0.045602199 -0.034537748 0.998352647
1548266471.762320 0.244278625 0.160327196 -0.157497659 -0.004462145 -0.072971798 -0.036424424 0.996658623
1548266471.796120 0.255081475 0.153798178 -0.158744693 -0.006448508 -0.071847036 -0.035216786 0.996772885
1548266471.829690 0.203909218 0.170385182 -0.152860329 -0.004771241 -0.069335639 -0.033868644 0.997006893
1548266471.863210 0.224324584 0.168886349 -0.161616310 -0.007000641 -0.085095957 -0.033505037 0.995784640
1548266471.896730 0.238133907 0.156780496 -0.154007941 -0.009115843 -0.092630319 -0.035917155 0.995010793
1548266471.930180 0.223428071 0.134516597 -0.155357257 -0.013321088 -0.093722969 -0.036340300 0.994845688
1548266471.963760 0.240472898 0.148247182 -0.136994496 -0.011567640 -0.102766648 -0.037790108 0.993920088
1548266471.997270 0.238005191 0.140198916 -0.139987275 -0.012558248 -0.101251163 -0.040732194 0.993947387
1548266472.030760 0.216783509 0.132903725 -0.144506037 -0.013782595 -0.096581846 -0.038511150 0.994484246
1548266472.064280 0.228127971 0.114898235 -0.136762694 -0.014896117 -0.103029333 -0.038610183 0.993817031
1548266472.097760 0.226045638 0.118999481 -0.141082242 -0.011735999 -0.100681484 -0.039596431 0.994061172
1548266472.131280 0.236287966 0.127311155 -0.132382736 -0.008880696 -0.100165330 -0.036054023 0.994277716
1548266472.164830 0.223565444 0.115909778 -0.131079823 -0.008455586 -0.101419158 -0.034754895 0.994200587
1548266472.198370 0.241769344 0.112790018 -0.136199191 -0.005233414 -0.106055737 -0.035706796 0.993705094
1548266472.231890 0.238596112 0.115349039 -0.133595303 -0.001910266 -0.101766072 -0.034583762 0.994205177
1548266472.265600 0.213780031 0.111294836 -0.129522011 -0.000008625 -0.100086287 -0.030713573 0.994504631
1548266472.299120 0.206915766 0.106678188 -0.136481822 0.003864986 -0.104225077 -0.030884547 0.994066536
1548266472.332410 0.231918439 0.077408671 -0.133109838 0.003427919 -0.106461048 -0.028333269 0.993907154
1548266472.366150 0.246354014 0.054957617 -0.144110620 0.003029253 -0.109998144 -0.024361216 0.993628561
1548266472.399440 0.258633316 0.036273137 -0.142376721 0.005193687 -0.117768072 -0.023274211 0.992754757
1548266472.432950 0.252641767 0.047627661 -0.134091347 0.010438419 -0.114340425 -0.021734849 0.993148983
1548266472.466360 0.243134111 0.019480711 -0.147217482 0.008176303 -0.112298958 -0.019421419 0.993450999
1548266472.499990 0.259363502 0.021103458 -0.137930632 0.012505382 -0.116928756 -0.020065963 0.992858827
1548266472.533120 0.284578174 -0.000338669 -0.123223208 0.012445494 -0.117732808 -0.020123979 0.992763400
1548266472.566560 0.255431920 0.014738913 -0.129020080 0.016479371 -0.110283367 -0.016251331 0.993630648
1548266472.600150 0.243944138 0.013890499 -0.126680389 0.018857446 -0.108451523 -0.013403861 0.993832469
1548266472.634070 0.242389187 0.013381841 -0.122318149 0.022592004 -0.107804872 -0.012180613 0.993840694
1548266472.667590 0.251081616 -0.011483684 -0.117979281 0.022542989 -0.104820162 -0.011158455 0.994173050
1548266472.701040 0.240646347 -0.009717000 -0.131558225 0.026012708 -0.104003459 -0.008214924 0.994202793
1548266472.734550 0.222329408 -0.007806448 -0.125833809 0.030563351 -0.101793043 -0.009580486 0.994289815
1548266472.767970 0.225900233 -0.007121356 -0.126947075 0.034239907 -0.096312724 -0.008711813 0.994723856
1548266472.801580 0.248913869 -0.012671891 -0.127845928 0.035082240 -0.099237926 -0.004744564 0.994433761
1548266472.835100 0.235056058 -0.023223780 -0.127764314 0.037254874 -0.098625138 -0.005933860 0.994409323
1548266472.868520 0.212988973 -0.015525419 -0.128553763 0.041561387 -0.090432815 -0.007451325 0.995007038
1548266472.902030 0.230151057 -0.021512970 -0.123765819 0.040833294 -0.090210743 -0.002296339 0.995082617
1548266472.935550 0.219171390 -0.030239508 -0.122887321 0.041450109 -0.090374768 -0.001183550 0.995044172
1548266472.969070 0.220904350 -0.020516701 -0.114629865 0.045759842 -0.088568158 -0.004485967 0.995008349
1548266473.002510 0.212028801 -0.037617493 -0.114968278 0.043188546 -0.081972994 0.000137767 0.995698333
1548266473.036100 0.202490687 -0.044206556 -0.106777035 0.042927295 -0.080112219 0.002412441 0.995858133
1548266473.069610 0.221124172 -0.062055536 -0.100916639 0.042917497 -0.081577793 0.000891008 0.995742083
1548266473.103060 0.242320731 -0.065514147 -0.089093201 0.042705756 -0.079751372 0.004065239 0.995891273
1548266473.136500 0.221328169 -0.082312532 -0.088615224 0.040036231 -0.076054282 0.007423813 0.996271908
1548266473.170020 0.215755686 -0.080787905 -0.083512828 0.042110223 -0.075704053 0.006884902 0.996216953
1548266473.203530 0.221496940 -0.087632634 -0.082118466 0.041195836 -0.072795883 0.010097572 0.996444523
1548266473.237020 0.207353815 -0.087871507 -0.076489694 0.041654911 -0.070884086 0.011819367 0.996544302
1548266473.270530 0.225091606 -0.097064219 -0.071140625 0.041203849 -0.074109755 0.012175083 0.996324122
1548266473.304020 0.208068088 -0.098197550 -0.065914400 0.041587822 -0.068095535 0.014486323 0.996706367
1548266473.337480 0.196869612 -0.109548807 -0.061120175 0.040560588 -0.064650990 0.015929107 0.996956050
1548266473.370990 0.197004899 -0.113487072 -0.053302784 0.040408004 -0.063860014 0.016413327 0.997005343
1548266473.404510 0.191929668 -0.114329547 -0.050061122 0.040130235 -0.061356764 0.017648168 0.997152686
1548266473.438080 0.195351586 -0.122743770 -0.044079147 0.037952259 -0.062258817 0.018529622 0.997166038
1548266473.471600 0.198788226 -0.125194028 -0.036633503 0.036409836 -0.060888000 0.016956147 0.997336209
1548266473.505130 0.189994395 -0.126040608 -0.029204173 0.034411374 -0.057048433 0.020488100 0.997567832
1548266473.538640 0.194888920 -0.114272825 -0.027407771 0.034515653 -0.059145980 0.023036616 0.997386456
1548266473.572160 0.185943171 -0.107511245 -0.020961367 0.034320250 -0.059143350 0.022255091 0.997411072
1548266473.605680 0.162984312 -0.132332668 -0.008414420 0.028670030 -0.055106800 0.022068318 0.997824788
1548266473.639210 0.178127602 -0.116150916 -0.006072224 0.029792378 -0.056231931 0.022907874 0.997710168
1548266473.672720 0.162819937 -0.114843190 -0.000768707 0.028843042 -0.054128934 0.024485040 0.997816920
1548266473.706240 0.136962518 -0.121494897 0.007052943 0.026937246 -0.053531732 0.023242742 0.997932136
1548266473.739800 0.140687838 -0.110633403 0.010982735 0.027941382 -0.055860817 0.022996128 0.997782528
1548266473.773720 0.135451838 -0.106768370 0.018618744 0.027756887 -0.058568042 0.021956043 0.997655869
1548266473.807310 0.139460534 -0.100374140 0.025352046 0.027513215 -0.059474654 0.020096131 0.997648180
1548266473.840830 0.122177899 -0.108791232 0.029281763 0.024544118 -0.055942122 0.018657178 0.997957885
1548266473.874350 0.124378763 -0.096979529 0.034959700 0.025598561 -0.057234123 0.015197844 0.997916818
1548266473.907860 0.135285586 -0.087847069 0.044715442 0.025770130 -0.056745622 0.011053449 0.997994781
1548266473.941380 0.109224059 -0.081827447 0.048304632 0.023937533 -0.051287789 0.009724951 0.998349667
1548266473.974890 0.107277580 -0.087731361 0.056111325 0.020884987 -0.052135672 0.006199413 0.998402357
1548266474.008410 0.107921228 -0.090478301 0.067587011 0.018985877 -0.051510274 0.002056900 0.998489857
1548266474.041840 0.112604864 -0.081341274 0.069024600 0.017572677 -0.050498389 0.001890568 0.998567760
1548266474.075000 0.098739855 -0.076430827 0.078541405 0.014969688 -0.048190378 0.000408067 0.998725891
1548266474.108510 0.118504874 -0.074541435 0.090869211 0.012377764 -0.051048886 -0.001589575 0.998618186
1548266474.142030 0.107632004 -0.071410999 0.095958740 0.009457662 -0.048437700 -0.002114521 0.998779178
1548266474.175550 0.137489349 -0.079362750 0.103004098 0.003931419 -0.053366009 -0.002781024 0.998563409
1548266474.209060 0.135131240 -0.071865708 0.114135385 0.001449203 -0.054167487 -0.004392974 0.998521149
1548266474.242580 0.120204985 -0.073928013 0.131203696 -0.002500585 -0.052127626 -0.005473308 0.998622298
1548266474.276030 0.109349810 -0.061119847 0.139043182 -0.004112266 -0.051618051 -0.005421720 0.998643696
1548266474.309280 0.125985652 -0.058468308 0.152166694 -0.007208465 -0.054272760 -0.006753788 0.998477280
1548266474.343060 0.123601571 -0.067390226 0.164407641 -0.013318188 -0.054096334 -0.006996232 0.998422384
1548266474.376640 0.128535435 -0.068147436 0.179923922 -0.017774206 -0.056792188 -0.008014020 0.998195648
1548266474.410350 0.118340597 -0.067347810 0.191443250 -0.020813903 -0.056701481 -0.008907465 0.998134434
1548266474.443860 0.123616964 -0.075389951 0.202244997 -0.025193119 -0.060368497 -0.008829010 0.997819126
1548266474.477380 0.130250201 -0.068014711 0.214555591 -0.026335709 -0.063619055 -0.010299943 0.997573555
1548266474.510900 0.133834481 -0.069800965 0.226256654 -0.029301783 -0.064599931 -0.010303965 0.997427702
1548266474.544410 0.132846966 -0.075590417 0.238780394 -0.032563295 -0.066466801 -0.010796029 0.997198701
1548266474.577930 0.138497263 -0.067314297 0.251575857 -0.032283258 -0.069937050 -0.012705361 0.996947944
1548266474.610930 0.146251351 -0.058875747 0.259924173 -0.032328453 -0.069922321 -0.014144478 0.996928096
1548266474.644390 0.162164599 -0.069684364 0.277096689 -0.036084432 -0.071987860 -0.014395935 0.996648610
1548266474.677740 0.156591117 -0.071289502 0.283259064 -0.037591890 -0.071803056 -0.015442998 0.996590555
1548266474.711260 0.161902308 -0.072069153 0.293814689 -0.038864672 -0.072449774 -0.017075552 0.996468246
1548266474.744780 0.165344357 -0.074675545 0.300648123 -0.040558323 -0.071451381 -0.016690502 0.996479392
1548266474.778290 0.170425162 -0.090975761 0.317410260 -0.044530440 -0.073856428 -0.016470848 0.996138036
1548266474.811810 0.176526695 -0.084005475 0.326020241 -0.043877501 -0.077945814 -0.017300254 0.995841324
1548266474.845320 0.199229106 -0.079096965 0.335174769 -0.043603383 -0.081247598 -0.018578960 0.995566368
1548266474.878830 0.202142850 -0.084013835 0.349407852 -0.046778679 -0.080644675 -0.017808676 0.995485306
1548266474.912350 0.201086134 -0.086334333 0.359704375 -0.048174642 -0.082350515 -0.019333014 0.995250642
1548266474.945860 0.225230753 -0.067193493 0.361947656 -0.045233198 -0.084923841 -0.022398494 0.995108128
1548266474.979380 0.212241486 -0.076422900 0.375271946 -0.048395500 -0.080622315 -0.023341728 0.995295465
1548266475.012920 0.222483486 -0.079083696 0.384731025 -0.049577657 -0.082692988 -0.024238920 0.995045960
1548266475.046490 0.237338349 -0.087160826 0.394655794 -0.051405769 -0.085423760 -0.026788415 0.994657040
1548266475.080120 0.228241339 -0.074843019 0.398713529 -0.050610788 -0.081978157 -0.028698696 0.994934440
1548266475.113660 0.229725361 -0.081359133 0.406509459 -0.053390201 -0.083017811 -0.029728334 0.994672656
1548266475.147180 0.238084361 -0.076022819 0.416242033 -0.053518508 -0.086899459 -0.032142006 0.994259119
1548266475.180690 0.261745512 -0.074711591 0.424414873 -0.054920256 -0.091072187 -0.034166377 0.993741572
1548266475.214210 0.251335442 -0.068695121 0.433837116 -0.055984806 -0.088693231 -0.035777621 0.993840635
1548266475.247900 0.247116014 -0.076091014 0.442846626 -0.059479516 -0.090030618 -0.037289642 0.993461728
1548266475.281420 0.253063291 -0.067164145 0.450917304 -0.059852645 -0.094600640 -0.040514771 0.992888153
1548266475.314940 0.261077076 -0.073125862 0.458925188 -0.063585803 -0.098365761 -0.042424586 0.992210269
1548266475.348450 0.266731203 -0.069932804 0.463979900 -0.066242486 -0.102577597 -0.046141990 0.991443753
1548266475.382340 0.267130792 -0.050758772 0.473874182 -0.066639736 -0.105855137 -0.048840936 0.990943193
1548266475.415920 0.277069449 -0.047009133 0.480487585 -0.069922969 -0.109144643 -0.051454462 0.990227580
1548266475.449430 0.280248135 -0.035407171 0.488743126 -0.072061218 -0.109942153 -0.053013843 0.989903748
1548266475.482950 0.283141583 -0.050081853 0.497062743 -0.079849832 -0.112068847 -0.052720666 0.989082992
1548266475.516400 0.286628366 -0.040188078 0.505702317 -0.081494428 -0.116394721 -0.054748684 0.988338768
1548266475.549920 0.300648093 -0.030566465 0.513291299 -0.082234196 -0.120263420 -0.055659663 0.987763226
1548266475.583560 0.293550670 -0.025061030 0.512009501 -0.084102526 -0.117453441 -0.056076311 0.987920463
1548266475.616580 0.300063193 -0.028048042 0.520758629 -0.087247953 -0.117609695 -0.055143930 0.987681568
1548266475.650100 0.307474852 -0.017028894 0.519987702 -0.086711079 -0.116823457 -0.054642953 0.987850010
1548266475.683610 0.315716237 -0.021350501 0.528560460 -0.089542754 -0.117854215 -0.052584846 0.987586617
1548266475.717130 0.315272152 -0.022409702 0.533797264 -0.091416612 -0.122356415 -0.050574336 0.986972213
1548266475.750510 0.344659418 -0.027477819 0.536008060 -0.091323428 -0.132023826 -0.048610136 0.985833049
1548266475.784000 0.333850890 -0.033025526 0.528125167 -0.091831945 -0.130293250 -0.045666080 0.986156762
1548266475.817510 0.344492316 -0.031788349 0.524260402 -0.092111818 -0.138820797 -0.043589517 0.985060453
1548266475.851030 0.356852025 -0.031914707 0.524731576 -0.089915961 -0.145812109 -0.041948359 0.984324276
1548266475.884540 0.369547725 -0.036110956 0.527122259 -0.089082591 -0.145435065 -0.039047457 0.984575152
1548266475.918060 0.348985463 -0.059674438 0.511405349 -0.092160925 -0.144443899 -0.037142720 0.984511435
1548266475.951600 0.368861675 -0.049687017 0.508308530 -0.087400667 -0.151549459 -0.036495220 0.983901381
1548266475.985540 0.380753815 -0.046427965 0.500643611 -0.084199287 -0.152572796 -0.035152137 0.984071314
1548266476.019110 0.372326106 -0.058402549 0.482984632 -0.085492402 -0.150528997 -0.031875577 0.984386086
1548266476.052570 0.398815513 -0.069292329 0.490479350 -0.084852442 -0.162234023 -0.031819034 0.982582152
1548266476.085640 0.425788105 -0.059905309 0.490144551 -0.080173552 -0.165305197 -0.030655470 0.982500196
1548266476.119450 0.432685941 -0.065049402 0.483898729 -0.079876244 -0.165259510 -0.027324077 0.982630432
1548266476.153120 0.454788685 -0.052936967 0.479623705 -0.075700641 -0.174852133 -0.026185220 0.981330991
1548266476.186690 0.422324985 -0.088607065 0.462965518 -0.078819647 -0.173171327 -0.025875304 0.981391668
1548266476.220210 0.423209906 -0.096999176 0.453346789 -0.077502690 -0.174089313 -0.024305688 0.981374323
1548266476.253720 0.405241370 -0.092068747 0.430631608 -0.073721297 -0.175376698 -0.023467014 0.981456816
1548266476.287240 0.424143374 -0.110389613 0.435539126 -0.073785484 -0.184863433 -0.021742169 0.979749203
1548266476.320750 0.431477249 -0.124425039 0.424004376 -0.072552189 -0.190959543 -0.020637788 0.978695452
1548266476.354060 0.434669554 -0.119551092 0.415016025 -0.068825848 -0.195828214 -0.020362997 0.978008032
1548266476.387390 0.432071984 -0.136788234 0.394299120 -0.069656663 -0.198944926 -0.019253066 0.977342427
1548266476.420900 0.440143704 -0.149063706 0.398072541 -0.068392776 -0.206362218 -0.020072628 0.975876093
1548266476.454420 0.457919955 -0.140722305 0.398671985 -0.063094340 -0.212208927 -0.020236081 0.974975348
1548266476.487920 0.445627034 -0.141155571 0.375379384 -0.059750885 -0.211565584 -0.019367503 0.975343406
1548266476.521410 0.458939135 -0.150261238 0.359893888 -0.056974910 -0.219532385 -0.018935820 0.973756015
1548266476.554950 0.445662171 -0.140995607 0.351712257 -0.049950060 -0.223291874 -0.020091202 0.973263621
1548266476.588460 0.428361654 -0.141547427 0.336978525 -0.045427650 -0.222773254 -0.021628147 0.973571062
1548266476.621960 0.414260954 -0.146813512 0.310075790 -0.042964932 -0.225113094 -0.020359891 0.973171890
1548266476.655480 0.423786372 -0.167127579 0.306774884 -0.041820478 -0.235166550 -0.020716889 0.970833957
1548266476.688990 0.412457108 -0.157453597 0.293204159 -0.035767402 -0.238167241 -0.023370698 0.970283926
1548266476.722530 0.392309725 -0.158739075 0.289638519 -0.033532266 -0.238650724 -0.023998296 0.970229626
1548266476.756050 0.406241745 -0.166801751 0.283644021 -0.032467868 -0.242970660 -0.023879623 0.969195962
1548266476.789560 0.416247994 -0.173040062 0.290834039 -0.029975843 -0.250101805 -0.025659557 0.967415154
1548266476.823100 0.408660263 -0.158449799 0.273844421 -0.024247412 -0.251628369 -0.028096560 0.967112064
1548266476.856590 0.395525336 -0.188096866 0.265546411 -0.027147783 -0.253222823 -0.029260073 0.966584206
1548266476.890110 0.391128808 -0.178111821 0.266605735 -0.023156706 -0.256382495 -0.029644875 0.965843141
1548266476.923630 0.398832351 -0.201329887 0.256349355 -0.025016250 -0.259666532 -0.030790284 0.964883149
1548266476.957140 0.403859198 -0.233406663 0.271320671 -0.029978482 -0.268094420 -0.030395176 0.962446272
1548266476.990660 0.411549777 -0.217031658 0.275054991 -0.025822354 -0.276440412 -0.029602906 0.960227847
1548266477.024170 0.395549744 -0.238883555 0.255479127 -0.028264981 -0.279742926 -0.029537978 0.959204078
1548266477.057690 0.395713270 -0.240016028 0.263175339 -0.027022041 -0.289546877 -0.031915911 0.956249833
1548266477.091240 0.394598633 -0.240796208 0.277355313 -0.025357556 -0.296849936 -0.034060691 0.953979552
1548266477.124770 0.412525356 -0.237599969 0.267848730 -0.024201389 -0.301115572 -0.032820817 0.952715337
1548266477.158270 0.389178425 -0.252846777 0.261399120 -0.025647325 -0.303370684 -0.035965696 0.951848149
1548266477.191790 0.381117046 -0.247318015 0.253171027 -0.021651693 -0.311368763 -0.039362170 0.949226677
1548266477.225310 0.380822837 -0.243951797 0.252703846 -0.018660102 -0.318506032 -0.041889723 0.946810961
1548266477.258820 0.387750000 -0.246567234 0.254784286 -0.016822027 -0.325288326 -0.043112975 0.944481790
1548266477.292220 0.367446363 -0.255026489 0.246725917 -0.014938076 -0.329192430 -0.048155602 0.942915797
1548266477.325740 0.351529419 -0.282166988 0.245636344 -0.016553177 -0.334956110 -0.052985348 0.940597117
1548266477.359450 0.340600491 -0.268373609 0.237542078 -0.011644384 -0.338906765 -0.058253668 0.938942552
1548266477.393320 0.340638638 -0.257325500 0.224977270 -0.008166819 -0.343510807 -0.061533384 0.937095106
1548266477.426840 0.333385229 -0.257048815 0.225013629 -0.006447900 -0.350525349 -0.063338943 0.934386730
1548266477.460360 0.324387938 -0.270661652 0.234494612 -0.007156325 -0.354081005 -0.069145560 0.932627618
1548266477.493870 0.315110564 -0.281899601 0.222036332 -0.009176807 -0.354156077 -0.070892498 0.932450235
1548266477.527390 0.305518657 -0.272751808 0.222932875 -0.007038569 -0.359374017 -0.074796729 0.930164635
1548266477.560740 0.296910346 -0.284608513 0.233825579 -0.007163018 -0.366124421 -0.078961663 0.927182078
1548266477.594260 0.306239784 -0.272256851 0.230296850 -0.006274826 -0.369379789 -0.077653222 0.926007152
1548266477.627760 0.329449534 -0.290875018 0.244867966 -0.009913404 -0.377464026 -0.076597467 0.922797620
1548266477.661270 0.344838530 -0.275910199 0.256974190 -0.008141819 -0.386929065 -0.073616371 0.919130147
1548266477.694810 0.372986645 -0.296590686 0.282922447 -0.011473686 -0.399084389 -0.075834028 0.913700819
1548266477.728320 0.355712712 -0.297650874 0.268676817 -0.012092054 -0.400355905 -0.079001501 0.912867844
1548266477.761840 0.341724336 -0.280786276 0.281874388 -0.010852784 -0.406138450 -0.077698871 0.910437644
1548266477.795360 0.345596343 -0.295830876 0.273004293 -0.012226257 -0.411791682 -0.082448795 0.907458186
1548266477.828850 0.344574958 -0.297571957 0.274215192 -0.012574301 -0.414150447 -0.083850943 0.906250656
1548266477.862350 0.345585376 -0.298574388 0.269997835 -0.013098900 -0.417454243 -0.084369496 0.904677927
1548266477.895850 0.349965900 -0.305817485 0.275962114 -0.012504992 -0.424562663 -0.087887377 0.901036084
1548266477.929360 0.355778307 -0.311734587 0.282340407 -0.011924412 -0.427152246 -0.090223521 0.899587929
1548266477.962840 0.368431479 -0.321983755 0.276687086 -0.011972861 -0.429639906 -0.091210522 0.898302197
1548266477.996360 0.376618594 -0.317902327 0.281713426 -0.009431248 -0.433542311 -0.093155846 0.896255612
1548266478.029870 0.361884445 -0.302001715 0.269673049 -0.005769885 -0.431502700 -0.095300391 0.897045135
1548266478.063430 0.370565683 -0.307432860 0.270313472 -0.006326014 -0.433175296 -0.095831059 0.896178305
1548266478.096900 0.372771204 -0.309699208 0.273101062 -0.005256117 -0.437185764 -0.099622056 0.893821239
1548266478.130240 0.384119302 -0.295078695 0.296265572 -0.001207668 -0.438215435 -0.103941694 0.892839193
1548266478.163540 0.374700546 -0.302043736 0.279598564 -0.004647533 -0.428712904 -0.103977278 0.897425413
1548266478.196940 0.377267569 -0.301812202 0.275759786 -0.006800001 -0.428234577 -0.105578996 0.897453070
1548266478.230450 0.379052728 -0.309055477 0.296785593 -0.008368474 -0.428626746 -0.109988347 0.896722734
1548266478.263970 0.389785677 -0.312927514 0.297885001 -0.010952185 -0.423992962 -0.110355094 0.898850262
1548266478.297600 0.378746450 -0.309842378 0.291639566 -0.012057314 -0.418242842 -0.110750459 0.901477635
1548266478.331120 0.397663206 -0.307786256 0.311958700 -0.013092746 -0.417153895 -0.108661674 0.902221620
1548266478.364640 0.399367064 -0.294340432 0.314658135 -0.014225512 -0.406231195 -0.104260296 0.907691419
1548266478.398150 0.373699993 -0.281228274 0.291291922 -0.013138873 -0.396778584 -0.104176253 0.911888957
1548266478.431520 0.369310826 -0.279465646 0.297524482 -0.012790509 -0.396134585 -0.103163928 0.912288904
1548266478.465180 0.404256076 -0.283609420 0.319819808 -0.012988531 -0.398338020 -0.103279650 0.911313057
1548266478.498740 0.386719167 -0.275095969 0.309282273 -0.014186140 -0.389952004 -0.101057880 0.915163100
1548266478.532260 0.391780227 -0.281765312 0.308612972 -0.015586945 -0.388290286 -0.101407081 0.915808022
1548266478.565780 0.395733237 -0.267024338 0.316157579 -0.013734912 -0.385388374 -0.101375856 0.917066038
1548266478.599290 0.403751165 -0.258905411 0.324354053 -0.013018942 -0.381410480 -0.101722330 0.918699682
1548266478.632810 0.385338426 -0.247301608 0.305627316 -0.011443232 -0.372946352 -0.103188083 0.922026217
1548266478.666430 0.395483941 -0.249845296 0.322845846 -0.011888204 -0.371760190 -0.103137903 0.922505081
1548266478.699980 0.393460035 -0.238649368 0.326620400 -0.009859108 -0.367684335 -0.105066940 0.923943698
1548266478.733460 0.399538815 -0.226909608 0.323132724 -0.008615114 -0.361790508 -0.105320871 0.926250994
1548266478.766870 0.385046780 -0.213458180 0.313786030 -0.006866065 -0.356920451 -0.106524445 0.928015769
1548266478.800390 0.392765313 -0.211349294 0.316495717 -0.006394141 -0.355660558 -0.108118378 0.928318441
1548266478.833760 0.389528215 -0.205823064 0.311201990 -0.005783195 -0.350672126 -0.108712666 0.930149019
1548266478.867270 0.392044008 -0.227528229 0.318202406 -0.010553842 -0.350311816 -0.105940290 0.930562675
1548266478.900790 0.394536167 -0.228908241 0.315721869 -0.010956407 -0.350252420 -0.106400333 0.930527925
1548266478.934310 0.414232999 -0.229788646 0.322530448 -0.011095068 -0.350508392 -0.106817633 0.930382073
1548266478.967820 0.406823725 -0.218499318 0.318718672 -0.010248346 -0.346150249 -0.106210515 0.932091355
1548266479.001340 0.403505683 -0.205321521 0.325281024 -0.009308233 -0.345033973 -0.105559237 0.932588995
1548266479.035050 0.405672848 -0.200612605 0.328120112 -0.008841977 -0.342735022 -0.106534041 0.933330059
1548266479.068570 0.417169571 -0.193380371 0.336096257 -0.009412538 -0.340001851 -0.104905233 0.934507906
1548266479.102250 0.404634088 -0.189266697 0.315294802 -0.010775840 -0.333670408 -0.105106130 0.936750054
1548266479.135720 0.407433361 -0.187415525 0.311653227 -0.011694647 -0.331945598 -0.105779178 0.937275887
1548266479.169140 0.442924142 -0.186491311 0.334509104 -0.013227202 -0.332368433 -0.105586797 0.937127352
1548266479.202630 0.417425960 -0.178654775 0.324976087 -0.014125463 -0.323066115 -0.107166268 0.940183043
1548266479.236170 0.419748634 -0.162316248 0.331786215 -0.012645274 -0.320509911 -0.108241878 0.940955460
1548266479.269730 0.419207513 -0.148775846 0.337673157 -0.010961959 -0.313867807 -0.108918138 0.943135023
1548266479.303240 0.423988253 -0.155516535 0.326245159 -0.012747200 -0.306005329 -0.108041205 0.945793450
1548266479.336760 0.435778201 -0.165822834 0.340735197 -0.015174069 -0.302591443 -0.106807239 0.946995437
1548266479.370280 0.438114017 -0.136701867 0.347818464 -0.010628726 -0.294731170 -0.105733879 0.949653029
1548266479.403790 0.424093872 -0.125593379 0.338013589 -0.009829199 -0.280817300 -0.103373937 0.954127252
1548266479.437310 0.409175545 -0.106065191 0.323580384 -0.008404179 -0.270359755 -0.102714010 0.957227647
1548266479.470780 0.439794779 -0.142172098 0.337531030 -0.015407840 -0.269177288 -0.100814752 0.957675636
1548266479.504300 0.461221576 -0.125739485 0.351126164 -0.014022278 -0.262807488 -0.098213606 0.959734201
1548266479.537860 0.428337753 -0.117588758 0.331714422 -0.014805430 -0.247869954 -0.096513480 0.963860154
1548266479.571370 0.463966280 -0.126903623 0.351788849 -0.017263230 -0.246425137 -0.094197512 0.964418709
1548266479.604850 0.442933619 -0.102982640 0.321880519 -0.015203276 -0.229313090 -0.091010943 0.968969226
1548266479.638350 0.441933781 -0.069048330 0.320068419 -0.011461554 -0.220388085 -0.089177437 0.971259534
1548266479.671820 0.448061079 -0.092991188 0.331106246 -0.017529465 -0.214258641 -0.086682260 0.972765207
1548266479.705270 0.465030789 -0.110371143 0.345275074 -0.022364324 -0.205091700 -0.083472155 0.974920332
1548266479.738750 0.465429574 -0.077845752 0.342168421 -0.019276863 -0.195125163 -0.080474086 0.977281153
1548266479.772270 0.463656783 -0.056509938 0.340560138 -0.017936392 -0.185108840 -0.078324847 0.979427516
1548266479.805780 0.477098405 -0.075755812 0.346159041 -0.023493061 -0.177717224 -0.075972699 0.980863273
1548266479.839300 0.475554943 -0.061346844 0.344132543 -0.023673460 -0.166418165 -0.073631577 0.983017266
1548266479.872810 0.465422630 -0.066379830 0.344615459 -0.027225347 -0.155179754 -0.072917029 0.984815300
1548266479.906600 0.485937268 -0.063871853 0.354721010 -0.028501693 -0.151131928 -0.072606869 0.985431373
1548266479.940190 0.459418118 -0.073299050 0.351044506 -0.032194316 -0.134254545 -0.072990648 0.987730563
1548266479.973710 0.444009393 -0.064660721 0.347876579 -0.032536246 -0.124920338 -0.070581727 0.989118040
1548266480.007220 0.421589613 -0.046431348 0.332522273 -0.030934568 -0.113825090 -0.071348272 0.990452588
1548266480.040690 0.454047173 -0.050183333 0.344376355 -0.032837428 -0.109869145 -0.067746274 0.991090775
1548266480.074200 0.471671283 -0.048267286 0.345483512 -0.033059619 -0.107884660 -0.065727554 0.991437256
1548266480.107820 0.473263025 -0.060806878 0.346572965 -0.035932399 -0.103764273 -0.064036377 0.991887689
1548266480.141370 0.475088835 -0.063641287 0.340078562 -0.037603334 -0.097916357 -0.062023107 0.992547989
1548266480.174890 0.478232294 -0.037683196 0.358061045 -0.034226771 -0.093742624 -0.059604466 0.993221104
1548266480.208400 0.475180328 -0.039374169 0.357502759 -0.035143379 -0.089956842 -0.058448959 0.993607759
1548266480.241920 0.489548415 -0.041019887 0.358388752 -0.035908863 -0.086659782 -0.057009697 0.993956983
1548266480.275440 0.487904012 -0.019478187 0.365185797 -0.033398163 -0.083196960 -0.055025611 0.994452119
1548266480.308950 0.495881319 -0.009578576 0.365925759 -0.032329056 -0.082433365 -0.055017818 0.994551480
1548266480.342440 0.499148339 -0.016685186 0.363814354 -0.033483908 -0.077466607 -0.055999868 0.994857669
1548266480.375940 0.499505073 -0.016434750 0.368186086 -0.033912528 -0.074540578 -0.054726049 0.995137513
1548266480.409460 0.515105307 -0.026754541 0.352027714 -0.035475403 -0.071428046 -0.054958571 0.995298505
1548266480.442970 0.500969768 -0.031111669 0.358894557 -0.036767729 -0.060652100 -0.054256544 0.996004879
1548266480.476530 0.490355194 -0.015068979 0.367583483 -0.034802865 -0.054929782 -0.051948126 0.996530414
1548266480.510110 0.494154423 -0.028837152 0.352001786 -0.036706597 -0.049186565 -0.050552499 0.996833861
1548266480.543630 0.492108822 -0.015373426 0.360518724 -0.033697240 -0.041161958 -0.048026033 0.997428536
1548266480.577040 0.496608257 -0.005879368 0.365472376 -0.032225773 -0.038331233 -0.044402834 0.997757792
1548266480.610390 0.513613582 -0.011649862 0.367072970 -0.033204183 -0.037351858 -0.041645054 0.997881770
1548266480.643900 0.505355120 -0.010667651 0.369298875 -0.033188663 -0.030753728 -0.039535802 0.998193204
1548266480.677440 0.516813695 -0.016980071 0.365113676 -0.034118108 -0.027120253 -0.036033195 0.998399734
1548266480.710960 0.520491362 -0.005433428 0.367091894 -0.031902075 -0.023242358 -0.032608125 0.998688519
1548266480.744470 0.515244782 -0.015696660 0.368655890 -0.033812013 -0.018614013 -0.028810777 0.998839438
1548266480.777970 0.515637279 -0.017301207 0.366406232 -0.033613261 -0.015380492 -0.026730552 0.998959005
1548266480.811500 0.526446521 -0.019406423 0.368049622 -0.033037074 -0.012801656 -0.023128159 0.999104500
1548266480.845030 0.523333907 -0.024148185 0.366096944 -0.032968972 -0.007720381 -0.019321611 0.999239743
1548266480.878540 0.525848687 -0.033381913 0.368004620 -0.033362139 -0.005246451 -0.015337348 0.999311864
1548266480.912050 0.533214688 -0.038155548 0.363425821 -0.032223716 -0.003831523 -0.012612668 0.999393761
1548266480.945500 0.526684821 -0.036221538 0.364480913 -0.030138180 0.000338768 -0.009479533 0.999500751
1548266480.978990 0.534976006 -0.050381657 0.358716488 -0.030455975 0.002620577 -0.006068550 0.999514282
1548266481.012490 0.545715928 -0.057789825 0.356366724 -0.029219624 0.004971069 -0.002170575 0.999558330
1548266481.046010 0.541633189 -0.050050359 0.350734770 -0.026006093 0.010398608 0.001261912 0.999606907
1548266481.079520 0.555399954 -0.064966433 0.352455050 -0.026625440 0.013141881 0.006297593 0.999539256
1548266481.113050 0.560318708 -0.054713950 0.350353807 -0.021908283 0.015364263 0.008619810 0.999604762
1548266481.146550 0.570677102 -0.049466942 0.342151016 -0.018095903 0.017040286 0.010443292 0.999636471
1548266481.180060 0.572178841 -0.048595000 0.344144344 -0.015748743 0.020926986 0.014088456 0.999557674
1548266481.213570 0.567414284 -0.059368048 0.344311267 -0.014439395 0.024499184 0.018184239 0.999430180
1548266481.247090 0.581287086 -0.062549815 0.339040250 -0.011812387 0.024256170 0.019970443 0.999436498
1548266481.280610 0.572773933 -0.071199335 0.329784393 -0.010623791 0.031512082 0.022089232 0.999202788
1548266481.314120 0.582009196 -0.066897109 0.330834091 -0.007580254 0.033862993 0.024942314 0.999086440
1548266481.347630 0.588267028 -0.075274400 0.325062394 -0.006801930 0.035922062 0.026421463 0.998982131
1548266481.381150 0.592825711 -0.079513371 0.319756985 -0.005305071 0.039496880 0.027556339 0.998825610
1548266481.414670 0.583660424 -0.083895773 0.320160598 -0.003910515 0.044872642 0.028952960 0.998565435
1548266481.448190 0.589902401 -0.087861061 0.317846149 -0.002513415 0.047733523 0.030304117 0.998397171
1548266481.481700 0.596178353 -0.090942234 0.314433813 -0.000714372 0.051060010 0.031937748 0.998184562
1548266481.515210 0.582032979 -0.099550344 0.310018271 0.000244080 0.057202548 0.032035936 0.997848451
1548266481.548720 0.601095378 -0.089265026 0.304692835 0.004263812 0.059128668 0.033994284 0.997662306
1548266481.582230 0.593706191 -0.093175702 0.308642328 0.005796258 0.062828496 0.035885178 0.997362137
1548266481.615740 0.589414358 -0.090421245 0.304216862 0.008313364 0.065625891 0.035577334 0.997175217
1548266481.649260 0.601907730 -0.085565530 0.304189265 0.011007675 0.064949244 0.037831042 0.997110426
1548266481.682790 0.618081391 -0.086649999 0.299797744 0.013260426 0.064597502 0.038198903 0.997091830
1548266481.716320 0.627577364 -0.088486850 0.297500283 0.014673262 0.067125171 0.038849816 0.996879935
1548266481.749820 0.615415692 -0.097321078 0.293908238 0.014698424 0.072563507 0.038886495 0.996497035
1548266481.783340 0.593647540 -0.099382244 0.293542594 0.016265549 0.075770169 0.040097773 0.996185958
1548266481.816860 0.608527422 -0.104754269 0.292220831 0.017666310 0.073556982 0.036521785 0.996465445
1548266481.850430 0.611595154 -0.107944652 0.295192808 0.018670058 0.077085897 0.036739305 0.996172369
1548266481.883960 0.599218249 -0.111487411 0.295746446 0.019889334 0.081419624 0.035514373 0.995848358
1548266481.917570 0.606644630 -0.116824009 0.299521357 0.021364862 0.083460569 0.035790060 0.995638967
1548266481.950780 0.606585562 -0.119380340 0.300974131 0.023097362 0.083795063 0.034776531 0.995608091
1548266481.984290 0.602082312 -0.121933006 0.300060630 0.024276046 0.087373085 0.032435142 0.995351493
1548266482.017970 0.601634622 -0.127679616 0.304264963 0.024824405 0.091312118 0.034466933 0.994916022
1548266482.051630 0.590081632 -0.125570446 0.302359402 0.026453145 0.088964693 0.033689115 0.995113313
1548266482.085150 0.621992767 -0.125694618 0.306360573 0.026350375 0.084189817 0.029561574 0.995662510
1548266482.118670 0.605227292 -0.137972206 0.318132460 0.024214473 0.088797219 0.029800713 0.995309293
1548266482.152150 0.606221557 -0.135213211 0.325989753 0.024364136 0.086098894 0.026814887 0.995627582
1548266482.185660 0.612817049 -0.132858604 0.331667751 0.023954494 0.085512847 0.022296691 0.995799482
1548266482.219180 0.591826677 -0.135584876 0.340388656 0.023062726 0.089719847 0.022832284 0.995438159
1548266482.252690 0.601341963 -0.140630618 0.348404646 0.021828530 0.085115813 0.020097485 0.995929182
1548266482.286210 0.600782275 -0.137120187 0.354625106 0.021769142 0.084723487 0.017907772 0.996005714
1548266482.319730 0.604802191 -0.140544161 0.361213535 0.020034032 0.081889577 0.015839579 0.996314168
1548266482.353240 0.607124925 -0.128320783 0.370078206 0.020262886 0.080420166 0.012103416 0.996481538
1548266482.386750 0.608357906 -0.132253528 0.376893163 0.017647846 0.079877198 0.013008846 0.996563554
1548266482.420260 0.618050814 -0.131569341 0.382394820 0.014922489 0.073298886 0.011885538 0.997127533
1548266482.453790 0.631065130 -0.121759199 0.392748863 0.013648572 0.067007370 0.010595718 0.997602820
1548266482.487310 0.628979146 -0.115129307 0.399007201 0.012499793 0.064456359 0.012087191 0.997768998
1548266482.520840 0.627780378 -0.121979110 0.407471836 0.009517637 0.063238919 0.012019804 0.997880638
1548266482.554360 0.620444775 -0.123196028 0.415273577 0.007727437 0.064129524 0.015034850 0.997798383
1548266482.587920 0.632600069 -0.121935055 0.419992954 0.007004460 0.060091145 0.015037474 0.998055041
1548266482.621440 0.646589816 -0.124788776 0.422346264 0.005589465 0.061265044 0.016032709 0.997977138
1548266482.654950 0.640149176 -0.113923281 0.429160893 0.006640983 0.063482367 0.018221525 0.997794449
1548266482.688470 0.636788189 -0.111559935 0.433851659 0.005793773 0.062393580 0.017122587 0.997887909
1548266482.721980 0.643208325 -0.114586942 0.436489731 0.003909602 0.061755355 0.013303321 0.997995019
1548266482.755520 0.643179953 -0.109546751 0.441754669 0.003376430 0.064083889 0.013460021 0.997848034
1548266482.789190 0.632330120 -0.109042615 0.442488521 0.001952864 0.063503727 0.013261967 0.997891545
1548266482.822700 0.637231410 -0.103063345 0.449419677 0.001152855 0.059176989 0.010820518 0.998188198
1548266482.856220 0.654049575 -0.101535983 0.449973524 -0.000194257 0.057031494 0.010190375 0.998320341
1548266482.889740 0.639042616 -0.099261887 0.457039893 -0.001407517 0.059284363 0.010382130 0.998186171
1548266482.923140 0.638820648 -0.093049377 0.460362852 -0.001828303 0.057728466 0.009203891 0.998288214
1548266482.956610 0.640975296 -0.093094856 0.462010086 -0.003326706 0.056339581 0.006526899 0.998384774
1548266482.990060 0.635492444 -0.089294434 0.466116220 -0.004436457 0.057132352 0.005601061 0.998341024
1548266483.023570 0.616188765 -0.087876618 0.465151817 -0.005874112 0.057026085 0.004160095 0.998346746
1548266483.057090 0.625121832 -0.080794163 0.467723489 -0.006899852 0.049714789 0.001298286 0.998738766
1548266483.090610 0.626416087 -0.091252409 0.472812951 -0.011025682 0.046594851 -0.001479428 0.998851895
1548266483.124120 0.625277102 -0.078996986 0.471741199 -0.010622798 0.042268075 -0.003274700 0.999044478
1548266483.157640 0.621633768 -0.083685003 0.476919442 -0.013236883 0.039061602 -0.006636148 0.999127090
1548266483.191150 0.612729371 -0.091832303 0.478473753 -0.015689280 0.037319265 -0.008762543 0.999141812
1548266483.224670 0.621877611 -0.089349292 0.478748530 -0.015642054 0.033015605 -0.010776319 0.999274313
1548266483.258190 0.615636468 -0.085853785 0.480477929 -0.014844750 0.031396788 -0.011193890 0.999334097
1548266483.291700 0.617302358 -0.093823425 0.480998546 -0.015452411 0.028125541 -0.012523724 0.999406457
1548266483.325150 0.614969552 -0.097472750 0.478301018 -0.014969169 0.027284952 -0.012585745 0.999436378
1548266483.358670 0.613203406 -0.097018301 0.476670295 -0.013243674 0.024857745 -0.012978290 0.999518991
1548266483.392180 0.619962215 -0.099439308 0.475716621 -0.012018978 0.022822922 -0.013744957 0.999572814
1548266483.425700 0.616925478 -0.101248138 0.471264184 -0.010660294 0.022369605 -0.014283386 0.999590874
1548266483.459220 0.610466301 -0.090013064 0.468834788 -0.007443071 0.022329023 -0.014368507 0.999619722
1548266483.492680 0.622735322 -0.095120430 0.467063934 -0.007162441 0.019177202 -0.014738506 0.999681830
1548266483.526030 0.615489841 -0.099469088 0.464624524 -0.007149264 0.019025989 -0.014860569 0.999682963
1548266483.559540 0.615771890 -0.097953074 0.460036248 -0.006528192 0.017858181 -0.016341353 0.999685705
1548266483.593060 0.614215374 -0.091809526 0.462858766 -0.005079425 0.018421384 -0.017001115 0.999672830
1548266483.626650 0.625987530 -0.093384936 0.459695667 -0.005204140 0.016663266 -0.016928045 0.999704301
1548266483.660190 0.622296035 -0.096386231 0.459078938 -0.005859333 0.017564354 -0.016927848 0.999685287
1548266483.693690 0.623152018 -0.087579057 0.459790885 -0.004569791 0.017389478 -0.016381377 0.999704182
1548266483.727160 0.628975868 -0.093319245 0.455242723 -0.006046835 0.016889343 -0.017330695 0.999688864
1548266483.760670 0.621933103 -0.092607006 0.457252294 -0.006619011 0.019104140 -0.016192188 0.999664485
1548266483.794190 0.622964025 -0.087002568 0.456014752 -0.006406961 0.018899651 -0.016508970 0.999664545
1548266483.827730 0.621010721 -0.088948324 0.458910078 -0.007859078 0.019104678 -0.016621830 0.999648392
1548266483.861270 0.621992230 -0.090607285 0.453079164 -0.008886438 0.018365899 -0.016976343 0.999647677
1548266483.894800 0.633498847 -0.087693922 0.452763468 -0.009210459 0.016513644 -0.017023021 0.999676287
1548266483.928320 0.622590303 -0.093010031 0.452403516 -0.010740830 0.018100647 -0.016266810 0.999646127
1548266483.961830 0.628271461 -0.087182157 0.453964472 -0.010130810 0.017546711 -0.015763257 0.999670446
1548266483.995350 0.626099586 -0.090066247 0.453048706 -0.010770278 0.018301772 -0.014773639 0.999665320
1548266484.028920 0.633537591 -0.087628633 0.451480389 -0.010391833 0.017056212 -0.014108827 0.999700963
1548266484.062470 0.632535338 -0.088653706 0.449978948 -0.010263040 0.017704146 -0.012844051 0.999708116
1548266484.096430 0.633273542 -0.092497848 0.448320866 -0.010804913 0.017714689 -0.012419218 0.999707580
1548266484.130030 0.630189598 -0.086931139 0.449598253 -0.009799724 0.019013630 -0.012438212 0.999693811
1548266484.163540 0.628263354 -0.089507334 0.448368907 -0.010254635 0.018545348 -0.012339580 0.999699295
1548266484.197060 0.630747736 -0.089167178 0.443509161 -0.010395000 0.017901409 -0.013558834 0.999693751
1548266484.230580 0.626198232 -0.084976867 0.444819272 -0.010112549 0.018396411 -0.014207951 0.999678671
1548266484.264090 0.620099306 -0.080769114 0.446255416 -0.009985838 0.018087097 -0.015417973 0.999667645
1548266484.297610 0.631682336 -0.086816847 0.440623522 -0.011471962 0.015256645 -0.016954497 0.999674022
1548266484.331040 0.628777921 -0.089404605 0.438244909 -0.012259580 0.015804354 -0.017476788 0.999647200
1548266484.364560 0.623991430 -0.092061326 0.437774807 -0.013083770 0.016607674 -0.017805563 0.999617934
1548266484.398080 0.628130198 -0.086757638 0.437525570 -0.012183666 0.014925067 -0.017001471 0.999669850
1548266484.431590 0.636078298 -0.088417679 0.434774488 -0.012436951 0.014206612 -0.017250322 0.999672890
1548266484.465110 0.634633422 -0.085644476 0.436272979 -0.011221588 0.016161956 -0.015475221 0.999686658
1548266484.498300 0.626585603 -0.092736982 0.437760979 -0.011398510 0.017074576 -0.013843623 0.999693394
1548266484.531770 0.639685988 -0.095742509 0.432181001 -0.010677901 0.014913462 -0.014380171 0.999728382
