1341845688.561749 0.000000000 0.000000000 0.000000000 0.000000000 0.000000000 0.000000000 1.000000000
1341845688.593654 -0.012884030 -0.003543186 -0.005548276 0.000097851 -0.000728974 0.001990086 0.999997735
1341845688.629688 -0.015857423 0.003851650 -0.015124039 0.003025460 -0.005412214 0.006726435 0.999958158
1341845688.663680 -0.012176527 0.001649787 -0.009619357 0.004280297 -0.011890792 0.012946181 0.999836326
1341845688.697719 -0.005309812 -0.018397644 -0.022820804 0.004023211 -0.017963305 0.021184815 0.999606073
1341845688.729899 -0.042846657 -0.016572757 -0.044187453 0.008314351 -0.017575722 0.019933220 0.999612212
1341845688.761762 -0.023673680 0.024584705 -0.017883569 0.018589120 -0.024624521 0.020671150 0.999310136
1341845688.797687 -0.018866403 0.027014874 -0.024209118 0.019963665 -0.024302546 0.020377548 0.999297559
1341845688.829892 -0.013434328 0.033727769 -0.017178070 0.020708572 -0.023719460 0.018922597 0.999325037
1341845688.865774 -0.030259376 0.030410914 -0.021854149 0.019308852 -0.020260723 0.018386025 0.999439180
1341845688.929779 -0.025330883 0.025078462 -0.033773199 0.017832290 -0.028001739 0.020760020 0.999233186
1341845688.965631 -0.017708236 0.019260896 -0.035979316 0.016532168 -0.032242529 0.019722471 0.999148726
1341845688.997750 -0.009804708 0.021756500 -0.037483364 0.015321207 -0.033220936 0.018003723 0.999168396
1341845689.029751 -0.011855904 0.035294194 -0.033957131 0.013408241 -0.030400045 0.011183970 0.999385297
1341845689.065755 -0.013053644 0.043764181 -0.038405042 0.010591391 -0.028771037 0.010173722 0.999478161
1341845689.097725 -0.018375298 0.033691030 -0.041419107 0.005422973 -0.027017014 0.009408135 0.999575973
1341845689.133718 -0.015764821 0.040268112 -0.040033992 0.003954896 -0.026315702 0.013346293 0.999556780
1341845689.165884 -0.016738817 0.043078445 -0.042380515 0.001549090 -0.025554579 0.016860003 0.999530017
1341845689.198264 -0.013938275 0.043871585 -0.051087186 -0.002159942 -0.025689606 0.019644165 0.999474585
1341845689.234322 -0.016252244 0.037213355 -0.047493201 -0.005701360 -0.024223700 0.021066502 0.999468327
1341845689.265745 -0.024742082 0.038949128 -0.053474434 -0.006581859 -0.022340447 0.022837583 0.999467850
1341845689.297769 -0.024331497 0.043999668 -0.054317296 -0.007051764 -0.022718748 0.023208980 0.999447584
1341845689.333650 -0.032415621 0.041430742 -0.059689078 -0.008715195 -0.020127757 0.022608327 0.999503791
1341845689.365881 -0.023290366 0.041013446 -0.052332357 -0.008304258 -0.021630390 0.023447206 0.999456584
1341845689.401592 -0.026041538 0.040003166 -0.056744851 -0.007287691 -0.022029206 0.022211639 0.999484003
1341845689.433744 -0.025557423 0.039887078 -0.056096517 -0.006734756 -0.022957541 0.021874586 0.999474406
1341845689.465651 -0.026477983 0.030305773 -0.056008462 -0.005245605 -0.024338737 0.022051187 0.999446809
1341845689.501840 -0.032707650 0.030290404 -0.060291763 -0.001337117 -0.026547445 0.018765278 0.999470532
1341845689.533687 -0.022454495 0.038404915 -0.056693282 0.002004849 -0.030077875 0.014770041 0.999436438
1341845689.565814 -0.026854865 0.030322462 -0.058966771 0.003063750 -0.029212944 0.010827996 0.999509871
1341845689.601682 -0.032813098 0.022955406 -0.065279081 0.004509283 -0.030163102 0.008266662 0.999500632
1341845689.633591 -0.029722460 0.034258094 -0.059754532 0.008531074 -0.033638671 0.003549068 0.999391377
1341845689.669672 -0.030607551 0.032993071 -0.062536724 0.009062146 -0.035169169 0.002141731 0.999338031
1341845689.701700 -0.026291637 0.037168197 -0.058262348 0.010761483 -0.038627800 0.002768552 0.999191880
1341845689.733773 -0.030308940 0.039036278 -0.059929430 0.011437856 -0.040582873 0.000832462 0.999110341
1341845689.769822 -0.030452637 0.038792141 -0.064155787 0.011524279 -0.042187363 -0.000201889 0.999043226
1341845689.802003 -0.035760280 0.034680381 -0.067246929 0.010904157 -0.042860512 -0.002178433 0.999019146
1341845689.833757 -0.037232958 0.036666151 -0.064182460 0.012053384 -0.045716666 -0.003526273 0.998875499
1341845689.869861 -0.032597076 0.042906854 -0.064635068 0.013999701 -0.048820153 -0.004511849 0.998699307
1341845689.901825 -0.034508396 0.037717465 -0.064566061 0.013223531 -0.050035663 -0.004266767 0.998650730
1341845689.937674 -0.037341762 0.039596748 -0.065117829 0.014642201 -0.051925398 -0.003693777 0.998536766
1341845689.969679 -0.031935807 0.045054089 -0.067707583 0.015569000 -0.054041144 -0.003024810 0.998412728
1341845690.003830 -0.032496583 0.046496574 -0.065413192 0.015659763 -0.053981658 -0.003644115 0.998412430
1341845690.037686 -0.033694804 0.044497397 -0.064820707 0.015515644 -0.054093488 -0.005421546 0.998400569
1341845690.069636 -0.030991450 0.044465423 -0.064781234 0.015887033 -0.054211479 -0.005291382 0.998389065
1341845690.106587 -0.035359532 0.042951334 -0.070424624 0.015439419 -0.053701568 -0.004596546 0.998427033
1341845690.138859 -0.029270008 0.043962084 -0.066540025 0.015338345 -0.055321369 -0.005731079 0.998334289
1341845690.169919 -0.030637404 0.045051251 -0.066889681 0.015769457 -0.054294109 -0.005059249 0.998387635
1341845690.206103 -0.031293642 0.048161637 -0.069398433 0.015671464 -0.054286316 -0.004887416 0.998390436
1341845690.237700 -0.030820921 0.042706449 -0.065154865 0.014069194 -0.055170719 -0.004983616 0.998365343
1341845690.269981 -0.030249100 0.045579351 -0.063960038 0.015419203 -0.056491934 -0.005605433 0.998268247
1341845690.306143 -0.029410750 0.046705619 -0.068106510 0.015904842 -0.057683431 -0.006357902 0.998187959
1341845690.338646 -0.030100167 0.049751267 -0.068075523 0.015500502 -0.057723794 -0.005710663 0.998195887
1341845690.373833 -0.029384259 0.047554594 -0.067774996 0.014220043 -0.058370430 -0.005746905 0.998177171
1341845690.405976 -0.028857466 0.047024131 -0.066506617 0.014133764 -0.058537666 -0.006849611 0.998161614
1341845690.437908 -0.030096093 0.045777738 -0.066782303 0.014068794 -0.057887122 -0.006740573 0.998201191
1341845690.473654 -0.030976487 0.047030158 -0.066579215 0.014279167 -0.058457218 -0.005297069 0.998173714
1341845690.505978 -0.031094600 0.044516142 -0.065987423 0.014439558 -0.060069960 -0.005838529 0.998072624
1341845690.537884 -0.028103929 0.051800534 -0.064375922 0.016000710 -0.060512204 -0.007771241 0.998008907
1341845690.573708 -0.031540178 0.050081015 -0.064334877 0.014896272 -0.058591977 -0.007270681 0.998144388
1341845690.605848 -0.033221249 0.047970746 -0.063293047 0.014477815 -0.057928164 -0.005668709 0.998199642
1341845690.641747 -0.030673789 0.043883581 -0.063619971 0.014665856 -0.058759842 -0.006450000 0.998143554
1341845690.673751 -0.028630868 0.049797662 -0.061451379 0.015537778 -0.058209725 -0.006792431 0.998160362
1341845690.706003 -0.030088620 0.045542113 -0.061988343 0.015194552 -0.056789633 -0.006921807 0.998246551
1341845690.741684 -0.029136704 0.048129693 -0.060750220 0.016435737 -0.056415502 -0.007738573 0.998242080
1341845690.773770 -0.025350681 0.046155613 -0.060397644 0.016278848 -0.056227565 -0.007163916 0.998259544
1341845690.805715 -0.028405258 0.044432878 -0.061812919 0.016493227 -0.054658394 -0.006496078 0.998347759
1341845690.841674 -0.026248008 0.045123197 -0.062911846 0.016781190 -0.054379072 -0.006418453 0.998358727
1341845690.873770 -0.024784377 0.048324201 -0.061434649 0.017046487 -0.053842839 -0.006385990 0.998383462
1341845690.909837 -0.025299249 0.045596264 -0.060216222 0.016042996 -0.052956190 -0.005292591 0.998453915
1341845690.941576 -0.026653992 0.046974577 -0.060970694 0.016203891 -0.052606866 -0.005651899 0.998467803
1341845690.973879 -0.026073728 0.047415156 -0.058639791 0.016452214 -0.052166391 -0.005651026 0.998486876
1341845691.011558 -0.024059206 0.049693037 -0.060324587 0.016490707 -0.051696248 -0.003936874 0.998518944
1341845691.077986 -0.023462426 0.047825888 -0.059922531 0.016778411 -0.051777069 -0.005670283 0.998501599
1341845691.109685 -0.018412832 0.048141696 -0.059217602 0.017301176 -0.052080143 -0.005616496 0.998477221
1341845691.141759 -0.021282706 0.045774709 -0.060271353 0.017531240 -0.050315693 -0.005445110 0.998564661
1341845691.177729 -0.023027701 0.046203546 -0.061473012 0.018220630 -0.050302599 -0.006154830 0.998548806
1341845691.209644 -0.020153414 0.047956143 -0.061838929 0.018532049 -0.050965533 -0.007907346 0.998497128
1341845691.241757 -0.019215137 0.047298342 -0.060472544 0.018277772 -0.049726371 -0.007698528 0.998565912
1341845691.277595 -0.026453881 0.043397270 -0.060979575 0.018615827 -0.048776906 -0.006871383 0.998612583
1341845691.310138 -0.023306113 0.048158314 -0.063201778 0.019679442 -0.051215965 -0.008103129 0.998460829
1341845691.345620 -0.012477744 0.050919555 -0.060140274 0.020183202 -0.052228708 -0.009172360 0.998389065
1341845691.378062 -0.018753445 0.043338839 -0.062451124 0.019369701 -0.049109291 -0.010163451 0.998553872
1341845691.451922 -0.019510042 0.051465709 -0.066073425 0.020972118 -0.048610471 -0.011637460 0.998529792
1341845691.509739 -0.021502860 0.045298178 -0.062200844 0.019400038 -0.046737771 -0.011561868 0.998651862
1341845691.545833 -0.018565474 0.052584384 -0.064571217 0.020723881 -0.047628153 -0.013343075 0.998560965
1341845691.578399 -0.011648093 0.051550489 -0.062042970 0.019538373 -0.047419023 -0.015527226 0.998563230
1341845691.613857 -0.007045484 0.049959034 -0.060601741 0.019637700 -0.045062225 -0.019326396 0.998604119
1341845691.645632 -0.016401447 0.044869024 -0.062022995 0.020043354 -0.040480629 -0.022415094 0.998727739
1341845691.677793 -0.018614277 0.045154866 -0.066512085 0.020718534 -0.040221158 -0.019856706 0.998778582
1341845691.713727 -0.019677704 0.046557557 -0.063835107 0.021322545 -0.041689925 -0.017486472 0.998749971
1341845691.746050 -0.007790233 0.051156770 -0.061292645 0.022648435 -0.043724921 -0.018790185 0.998610079
1341845691.778411 -0.007000202 0.055264544 -0.066343144 0.022058634 -0.041123010 -0.019851917 0.998713255
1341845691.813646 -0.014065973 0.048534129 -0.062804982 0.019627977 -0.038931131 -0.018320601 0.998881102
1341845691.845603 -0.017282698 0.048873488 -0.063506551 0.019937372 -0.039519921 -0.017318858 0.998869717
1341845691.881595 -0.013559857 0.051991351 -0.063852489 0.020717129 -0.041019570 -0.019077370 0.998761356
1341845691.913600 -0.011283994 0.051718757 -0.061663199 0.020603105 -0.040337492 -0.018757541 0.998797536
1341845691.945997 -0.018328605 0.045700997 -0.064464286 0.020294005 -0.039906044 -0.016204264 0.998865902
1341845691.981657 -0.020094989 0.039274868 -0.068007424 0.021138122 -0.044321481 -0.013496879 0.998702466
1341845692.013904 -0.010965501 0.045489013 -0.065251172 0.024024168 -0.049416907 -0.011210233 0.998426318
1341845692.049676 -0.010867795 0.049205337 -0.065544151 0.025101187 -0.049998898 -0.010892334 0.998374343
1341845692.081862 -0.012376336 0.042631369 -0.068360269 0.024464455 -0.050589778 -0.010159273 0.998368144
1341845692.113695 -0.007347726 0.046719357 -0.068978727 0.025714040 -0.052506905 -0.011128968 0.998227417
1341845692.149736 -0.002544170 0.046421386 -0.068081386 0.025404831 -0.052391216 -0.011677892 0.998235106
1341845692.182123 -0.003413008 0.041628227 -0.068135224 0.025613463 -0.051208735 -0.010987136 0.998298943
1341845692.213661 -0.005243626 0.045704573 -0.069884606 0.027250912 -0.051336374 -0.010772923 0.998251438
1341845692.249828 -0.002418368 0.046841186 -0.070616432 0.027212240 -0.051476125 -0.010745998 0.998245597
1341845692.282146 -0.002684918 0.043480858 -0.072393969 0.026155854 -0.050619189 -0.011260018 0.998311996
1341845692.317711 -0.007339189 0.040611707 -0.073774956 0.025415786 -0.050590049 -0.011533645 0.998329401
1341845692.349688 -0.003027880 0.041141171 -0.071891271 0.026083566 -0.052512314 -0.011762250 0.998210251
1341845692.381560 0.001237310 0.039083138 -0.072619259 0.027056549 -0.053222626 -0.013101826 0.998130083
1341845692.417776 0.001432367 0.040575709 -0.071778350 0.028254438 -0.052938018 -0.013862988 0.998101711
1341845692.449672 0.001681602 0.039120827 -0.072024316 0.028590046 -0.053054214 -0.014835455 0.998072028
1341845692.481594 -0.000819157 0.039396949 -0.075037397 0.029654672 -0.052898381 -0.015867410 0.998033345
1341845692.517778 -0.002049863 0.038398866 -0.074594609 0.030764237 -0.052934065 -0.016558994 0.997986615
1341845692.549744 0.000839270 0.038766652 -0.077281706 0.032123525 -0.053450413 -0.016480291 0.997917593
1341845692.585822 0.003063726 0.038710330 -0.080115579 0.032369673 -0.053779282 -0.017423321 0.997875929
1341845692.617836 0.003722753 0.036017910 -0.080021925 0.032403577 -0.052818291 -0.016916147 0.997934937
1341845692.649770 -0.000441408 0.034785710 -0.084011100 0.032930862 -0.052047577 -0.016809417 0.997959912
1341845692.685749 0.000129989 0.034896426 -0.085951708 0.033112135 -0.053214774 -0.016720463 0.997893870
1341845692.717676 0.005690187 0.037077531 -0.084009819 0.033809893 -0.053916883 -0.017180964 0.997824967
1341845692.749897 -0.003103643 0.037600052 -0.083853543 0.034007031 -0.050988588 -0.016696025 0.997980416
1341845692.785833 -0.008168511 0.031876251 -0.089371234 0.034026146 -0.050978765 -0.017726792 0.997962475
1341845692.817657 0.000783359 0.033626962 -0.086433522 0.035529464 -0.053331729 -0.020847302 0.997726798
1341845692.853833 0.001771986 0.033866718 -0.086289987 0.036459256 -0.051906880 -0.022504834 0.997732401
1341845692.885614 -0.003103458 0.031153677 -0.090745047 0.037540216 -0.051139880 -0.022549052 0.997730911
1341845692.917728 0.001832545 0.033022899 -0.088420257 0.038777757 -0.052770738 -0.023598500 0.997574389
1341845692.953573 0.002080963 0.034107041 -0.089414664 0.039969657 -0.051877137 -0.024180967 0.997560263
1341845692.985667 -0.000410123 0.031122452 -0.093618765 0.040470999 -0.051031835 -0.023979388 0.997588515
1341845693.017585 0.000945153 0.036254223 -0.092901342 0.041268319 -0.051358469 -0.024477217 0.997527003
1341845693.053684 -0.000784082 0.031054482 -0.095030569 0.040466525 -0.050314579 -0.024714980 0.997607172
1341845693.086059 -0.003137737 0.034236100 -0.091931038 0.041831315 -0.050213724 -0.023428021 0.997587025
1341845693.121690 -0.009110786 0.038349714 -0.097000629 0.042659260 -0.050178669 -0.022071835 0.997584641
1341845693.153852 0.000411410 0.036801863 -0.094126582 0.041474678 -0.052682690 -0.022651091 0.997492492
1341845693.185655 0.003294395 0.035045177 -0.093034074 0.040388331 -0.051132545 -0.022842128 0.997613370
1341845693.221687 -0.009578437 0.034419592 -0.095556989 0.040317468 -0.048689015 -0.020681055 0.997785628
1341845693.254518 -0.011622112 0.031597439 -0.096305646 0.040460601 -0.051570691 -0.019141741 0.997665763
1341845693.289735 0.003401997 0.038945153 -0.094237193 0.041834220 -0.054216184 -0.019903038 0.997453928
1341845693.321741 0.006493642 0.036483135 -0.093515649 0.040582281 -0.049782559 -0.019541102 0.997743905
1341845693.353715 -0.000049930 0.036360793 -0.090553068 0.040990949 -0.045598485 -0.018484898 0.997947276
1341845693.421993 0.002171544 0.038026381 -0.091858156 0.041813008 -0.042913832 -0.019492209 0.998013079
1341845693.453700 0.001530501 0.039925460 -0.092212893 0.042337149 -0.041100852 -0.022006355 0.998015046
1341845693.489783 0.001678998 0.036337707 -0.089933291 0.042904612 -0.039576549 -0.022010451 0.998052299
1341845693.522084 -0.007339043 0.032617122 -0.090297431 0.044127397 -0.039193787 -0.021089857 0.998033941
1341845693.557666 -0.004099620 0.034613520 -0.093580000 0.046176337 -0.041049115 -0.022210229 0.997842371
1341845693.589792 -0.000192149 0.037824951 -0.091964945 0.047650870 -0.042005017 -0.023632690 0.997700572
1341845693.622158 0.000703063 0.040572885 -0.090886675 0.048118252 -0.040985107 -0.024201911 0.997706950
1341845693.689929 0.004690454 0.040573478 -0.094929449 0.046838321 -0.040426478 -0.021886239 0.997844100
1341845693.721602 0.008611108 0.041469656 -0.094540469 0.044586755 -0.039562758 -0.023087505 0.997954786
1341845693.757636 0.000611847 0.042061336 -0.092406526 0.043001909 -0.037482526 -0.023623327 0.998092115
1341845693.789776 -0.003588195 0.042820744 -0.092747651 0.042223442 -0.037696391 -0.022989012 0.998132110
1341845693.825637 0.001193528 0.043757427 -0.092251435 0.040774420 -0.039009430 -0.022263259 0.998158336
1341845693.857724 0.002328091 0.038064390 -0.089091964 0.039197478 -0.039153550 -0.021527696 0.998232007
1341845693.889741 0.001005974 0.042841095 -0.088852815 0.040494185 -0.038570296 -0.020387407 0.998226881
1341845693.925573 -0.000801546 0.042842198 -0.087502077 0.040068034 -0.038048241 -0.019585351 0.998280168
1341845693.957722 0.000512681 0.039234661 -0.090187632 0.040109180 -0.037723385 -0.018908413 0.998303890
1341845693.990410 0.005529673 0.041361559 -0.089173473 0.041295506 -0.037587404 -0.018899336 0.998260796
1341845694.025740 0.006815746 0.042558778 -0.086524919 0.041791234 -0.036459729 -0.019639751 0.998267710
1341845694.057728 0.002202543 0.036923412 -0.091228545 0.041465849 -0.034685247 -0.019827787 0.998340786
1341845694.093631 0.003038582 0.033551473 -0.088795573 0.042546023 -0.035105757 -0.019763259 0.998281956
1341845694.125598 0.007410303 0.033791985 -0.091895357 0.043910421 -0.035954744 -0.019520253 0.998197436
1341845694.157890 0.006302439 0.036370646 -0.093328707 0.044932723 -0.034832891 -0.019986060 0.998182476
1341845694.193528 0.006226041 0.033075593 -0.090366110 0.045271181 -0.034675051 -0.019991232 0.998172581
1341845694.226254 0.009876639 0.033194132 -0.090398081 0.046706047 -0.035545330 -0.019860277 0.998078465
1341845694.261793 0.008255167 0.035556596 -0.091455251 0.047580019 -0.034615062 -0.018941887 0.998087764
1341845694.293655 0.003144274 0.035607897 -0.094853126 0.048100710 -0.033759840 -0.017811432 0.998112857
1341845694.325844 -0.000380275 0.031569887 -0.097136505 0.048690315 -0.034992747 -0.015480556 0.998080730
1341845694.361761 0.001941593 0.035266861 -0.093454771 0.050750680 -0.037723050 -0.013618559 0.997905731
1341845694.393754 0.006684093 0.035476103 -0.090332493 0.051586434 -0.040397502 -0.012955041 0.997767031
1341845694.425809 0.003301718 0.036669564 -0.092045054 0.051652558 -0.041188832 -0.013219601 0.997727811
1341845694.461731 0.003230923 0.039217159 -0.094255425 0.051846046 -0.042380419 -0.013708095 0.997661233
1341845694.493931 0.005666025 0.041832648 -0.094334304 0.051041715 -0.042504124 -0.015187085 0.997676015
1341845694.529694 0.004602481 0.039395090 -0.094273522 0.049136020 -0.041991569 -0.015826998 0.997783482
1341845694.561652 0.001736987 0.036159638 -0.095088705 0.048582308 -0.042745277 -0.016256917 0.997771680
1341845694.595586 0.004574978 0.036963947 -0.093815520 0.049591344 -0.044679739 -0.015048699 0.997656226
1341845694.629850 0.002699825 0.035898078 -0.093353167 0.050891921 -0.046250790 -0.014132966 0.997532547
1341845694.661659 0.017228780 0.040749583 -0.088473804 0.053061120 -0.049338635 -0.012019364 0.997299254
1341845694.693720 0.025343770 0.041310344 -0.092981525 0.052253164 -0.046618979 -0.009591385 0.997499049
1341845694.735664 0.027912406 0.045386557 -0.090567484 0.051010039 -0.039423577 -0.010468106 0.997864783
1341845694.767988 0.024845483 0.047708798 -0.089997746 0.049621478 -0.033177629 -0.008995909 0.998176336
1341845694.803611 0.026157493 0.050035145 -0.080567792 0.048284560 -0.028311349 -0.007909956 0.998400986
1341845694.835585 0.018068273 0.044491462 -0.084209740 0.046462342 -0.023036869 -0.006814030 0.998631120
1341845694.867728 0.018370761 0.048978582 -0.086640425 0.046393763 -0.020229252 -0.006162422 0.998699367
1341845694.903566 0.020229284 0.046638817 -0.085762993 0.044279780 -0.017918933 -0.005083665 0.998845518
1341845694.935679 0.016702058 0.042404890 -0.083563663 0.043501168 -0.015590176 -0.004374179 0.998922169
1341845694.967669 0.017768573 0.045506041 -0.081833199 0.044444513 -0.014655980 -0.002913216 0.998900115
1341845695.003730 0.023592060 0.047136802 -0.077187039 0.044997144 -0.013418101 -0.002421633 0.998894036
1341845695.035689 0.027398428 0.046399668 -0.074810371 0.044800859 -0.010659887 -0.002020498 0.998937011
1341845695.072465 0.019115163 0.041600749 -0.079311177 0.043906271 -0.007740501 -0.000813104 0.999005318
1341845695.103895 0.016818976 0.042424105 -0.077040963 0.044443998 -0.009119069 -0.000153774 0.998970270
1341845695.135680 0.015311141 0.036647446 -0.079748087 0.044642627 -0.012117676 -0.000497819 0.998929381
1341845695.172193 0.006633781 0.031956218 -0.083248898 0.046634458 -0.016504703 -0.000320708 0.998775601
1341845695.203618 0.013848554 0.030776624 -0.082359880 0.049310062 -0.025771437 0.001191842 0.998450279
1341845695.235612 0.008836733 0.038285740 -0.079545736 0.054485235 -0.032051578 0.001870242 0.997998297
1341845695.271738 0.013543009 0.039898250 -0.082216039 0.057583373 -0.038375899 0.000455681 0.997602761
1341845695.303569 0.017530095 0.043959040 -0.078676961 0.059690390 -0.043206070 -0.000128356 0.997281432
1341845695.335657 0.015303773 0.045732986 -0.077717289 0.060768113 -0.046054803 -0.003117937 0.997083962
1341845695.371706 0.016732980 0.046559226 -0.081433922 0.061115313 -0.049145035 -0.006319129 0.996900082
1341845695.403745 0.013654931 0.043321654 -0.083078213 0.060999565 -0.051631823 -0.008591910 0.996764481
1341845695.435657 0.013377245 0.039356161 -0.086107723 0.061692800 -0.055054072 -0.008308656 0.996541023
1341845695.471720 0.010104707 0.040289301 -0.088407159 0.063406393 -0.058866851 -0.008652456 0.996212542
1341845695.503710 0.009893960 0.044210140 -0.088748470 0.063933350 -0.061990801 -0.009825173 0.995978475
1341845695.539693 0.012632533 0.043372218 -0.086561210 0.063553080 -0.064879753 -0.011253796 0.995803714
1341845695.603908 0.012805243 0.042381939 -0.088785164 0.064058341 -0.067261040 -0.013672540 0.995582998
1341845695.665980 0.016323365 0.040126786 -0.088413917 0.062862165 -0.070813552 -0.014204831 0.995405436
1341845695.701693 0.014890173 0.041605856 -0.086238645 0.063270472 -0.071699768 -0.014634137 0.995309949
1341845695.733686 0.019074043 0.042640775 -0.087180115 0.063075311 -0.073123299 -0.013484415 0.995234966
1341845695.769679 0.018189672 0.041661620 -0.087972708 0.062346842 -0.073139906 -0.013858227 0.995274544
1341845695.801697 0.015855931 0.039186459 -0.094206057 0.060535349 -0.072266564 -0.013493755 0.995455146
1341845695.833635 0.017507356 0.036162075 -0.092272826 0.059075102 -0.072413094 -0.012615218 0.995543718
1341845695.869766 0.020434039 0.038710080 -0.088303737 0.059365191 -0.072568901 -0.011345743 0.995530427
1341845695.901827 0.015329143 0.040953293 -0.092955396 0.058594111 -0.071515657 -0.011553109 0.995649934
1341845695.933900 0.018173369 0.040695287 -0.090113357 0.057190727 -0.072135799 -0.010431240 0.995699167
1341845695.969774 0.022359157 0.040829100 -0.087129362 0.056335773 -0.072249189 -0.009326318 0.995750666
1341845696.001940 0.019401120 0.039063629 -0.089779943 0.055417459 -0.070638806 -0.009287731 0.995918095
1341845696.037778 0.020005567 0.040501557 -0.086056270 0.054669570 -0.070230179 -0.007090847 0.996006370
1341845696.069962 0.017698215 0.039583866 -0.084886409 0.053608779 -0.069920637 -0.005038583 0.996098280
1341845696.102048 0.021013927 0.037845165 -0.087595612 0.053311590 -0.071286701 -0.003542877 0.996023834
1341845696.137759 0.020432457 0.041187689 -0.084929973 0.053189408 -0.071728051 -0.002849455 0.996000946
1341845696.169934 0.018594278 0.041904405 -0.085155554 0.052633308 -0.071653202 -0.003763416 0.996032834
1341845696.201602 0.013477042 0.044852991 -0.089896388 0.052240785 -0.070743538 -0.004539305 0.996115267
1341845696.237582 0.018437672 0.044890530 -0.088997640 0.050411526 -0.071505077 -0.005442353 0.996150613
1341845696.269654 0.015647667 0.039787199 -0.091266818 0.048193783 -0.071686871 -0.005837900 0.996245086
1341845696.305713 0.019008188 0.041946467 -0.088234365 0.048392214 -0.073170617 -0.005355833 0.996130288
1341845696.337790 0.016875105 0.039459564 -0.090335593 0.047532503 -0.073274411 -0.004055791 0.996170223
1341845696.369780 0.019144693 0.043682706 -0.087666094 0.047953486 -0.074443243 -0.003543107 0.996065319
1341845696.406019 0.020586498 0.047900297 -0.086973347 0.047305420 -0.075033583 -0.003689053 0.996051490
1341845696.437910 0.019006025 0.044476774 -0.088339888 0.044959988 -0.074857295 -0.003316922 0.996174693
1341845696.473667 0.022146491 0.044504747 -0.089069888 0.043636225 -0.074513838 -0.003228850 0.996259570
1341845696.505801 0.019707313 0.043341771 -0.086620823 0.041677192 -0.073425397 -0.003044726 0.996424854
1341845696.537879 0.017516544 0.041962016 -0.087707043 0.040847879 -0.073050879 -0.002117462 0.996489108
1341845696.573790 0.016036937 0.042172141 -0.087952003 0.040736068 -0.073682666 -0.001104317 0.996448815
1341845696.611644 0.016467879 0.042888921 -0.090720288 0.040539142 -0.074539006 -0.001387731 0.996392787
1341845696.648592 0.018026706 0.044911515 -0.089108318 0.040396068 -0.075152457 -0.001163675 0.996352792
1341845696.705640 0.022238262 0.046408825 -0.086657196 0.038141582 -0.074756801 -0.000742435 0.996471822
1341845696.741801 0.024667108 0.044731818 -0.085739173 0.037359677 -0.073932089 -0.000427170 0.996563137
1341845696.773765 0.022093764 0.049843121 -0.083470024 0.038058788 -0.072720885 -0.000178354 0.996625900
1341845696.805698 0.020760441 0.048242386 -0.086364962 0.036208145 -0.072084293 0.001179260 0.996740401
1341845696.841908 0.022763601 0.048690315 -0.079402328 0.036193188 -0.072296217 0.001695967 0.996724844
1341845696.873637 0.025048506 0.051765013 -0.080797426 0.035767347 -0.071394138 0.002364145 0.996803880
1341845696.905693 0.023854721 0.051063731 -0.081952825 0.034243744 -0.070384108 0.002594574 0.996928632
1341845696.941841 0.026018916 0.050299112 -0.079711564 0.032616798 -0.069882937 0.004132465 0.997013271
1341845696.973560 0.027387546 0.049617939 -0.078574315 0.031859852 -0.069899872 0.006539590 0.997023642
1341845697.009723 0.027513016 0.052891567 -0.082511872 0.031481456 -0.069491416 0.006190689 0.997066498
1341845697.041678 0.027844481 0.051956780 -0.080843359 0.030275654 -0.068131775 0.005494141 0.997201741
1341845697.073636 0.032629117 0.045256846 -0.078578502 0.029229755 -0.067926928 0.005623614 0.997246146
1341845697.109770 0.030507380 0.047605738 -0.081369050 0.029824054 -0.066855416 0.005253125 0.997303009
1341845697.141787 0.030961884 0.048653796 -0.079116389 0.029308686 -0.066720791 0.005307545 0.997327030
1341845697.173791 0.033480745 0.046687216 -0.079181783 0.029076586 -0.066914596 0.006400910 0.997314394
1341845697.209803 0.032650471 0.049155310 -0.080500998 0.029747531 -0.066482551 0.006437759 0.997323275
1341845697.241685 0.036317974 0.048628826 -0.078095675 0.029224593 -0.066603176 0.006841280 0.997327983
1341845697.277780 0.036039002 0.047559343 -0.077067152 0.028618865 -0.066421114 0.007298105 0.997354448
1341845697.309575 0.033269819 0.050906502 -0.077992722 0.029110799 -0.066214278 0.007131136 0.997355163
1341845697.342252 0.033178404 0.050052226 -0.076991230 0.028674530 -0.066598088 0.007181806 0.997341931
1341845697.377604 0.031535547 0.047159925 -0.078763425 0.028603872 -0.066162907 0.007049315 0.997373819
1341845697.409528 0.034621961 0.050968405 -0.075600043 0.028961258 -0.066582866 0.006383982 0.997340083
1341845697.441666 0.031952370 0.046851259 -0.072729804 0.028432885 -0.065939330 0.006063382 0.997400045
1341845697.477718 0.028790899 0.050139271 -0.075417481 0.030089797 -0.065553278 0.005737736 0.997378767
1341845697.509822 0.029935321 0.050730545 -0.075106360 0.030050492 -0.065678976 0.005286713 0.997374237
1341845697.545892 0.027138701 0.050521303 -0.076943755 0.030014854 -0.065571174 0.005381103 0.997381866
1341845697.577742 0.031720031 0.049773987 -0.073418647 0.030451693 -0.067269303 0.006470792 0.997249007
1341845697.609653 0.033547889 0.050895620 -0.075341322 0.030580198 -0.068061627 0.007091403 0.997187138
1341845697.645769 0.033976518 0.053818848 -0.075637281 0.030613318 -0.068473466 0.007303634 0.997156382
1341845697.677795 0.035139225 0.053790785 -0.074737355 0.030435784 -0.068616040 0.007356489 0.997151613
1341845697.713520 0.033821777 0.053780038 -0.073409177 0.029867798 -0.068212919 0.007166354 0.997197866
1341845697.745975 0.033460710 0.050459191 -0.074045256 0.028809123 -0.068448983 0.008120419 0.997205496
1341845697.777683 0.033368021 0.054214906 -0.073696010 0.029267818 -0.068814181 0.008221357 0.997166157
1341845697.813673 0.036221404 0.055423744 -0.073675863 0.028665464 -0.069038801 0.008315391 0.997167349
1341845697.845793 0.029462088 0.053859513 -0.074399680 0.027075088 -0.067298874 0.007363606 0.997338235
1341845697.877887 0.029902542 0.054087382 -0.074163735 0.026182065 -0.067675740 0.007810920 0.997333169
1341845697.913637 0.032683276 0.053882308 -0.074141078 0.025896527 -0.068353109 0.007433987 0.997297287
1341845697.945734 0.033195708 0.056789238 -0.071233377 0.025887018 -0.068493232 0.006546958 0.997294188
1341845697.981763 0.031496257 0.055533420 -0.072468944 0.025299948 -0.068105742 0.006238976 0.997337759
1341845698.013639 0.032564156 0.054253753 -0.070620492 0.025307579 -0.068133138 0.005880159 0.997337878
1341845698.045700 0.031889737 0.053170718 -0.072737411 0.025451807 -0.067993589 0.005613367 0.997345269
1341845698.081804 0.033827256 0.053737286 -0.071910568 0.025391612 -0.068993829 0.005992861 0.997275889
1341845698.113733 0.034566239 0.054295652 -0.070275135 0.025604667 -0.069729798 0.005480665 0.997222185
1341845698.145605 0.033769276 0.053124588 -0.073509105 0.025783878 -0.069719829 0.005355016 0.997218966
1341845698.181637 0.033666719 0.053492762 -0.072300613 0.025884882 -0.069770537 0.004507948 0.997217000
1341845698.213981 0.031727981 0.049408328 -0.076108627 0.025454585 -0.070168264 0.004214447 0.997201443
1341845698.249641 0.034001503 0.054562688 -0.073579490 0.026910637 -0.071673237 0.004323860 0.997055709
1341845698.281737 0.035445150 0.056685720 -0.074322745 0.025951117 -0.072124526 0.004086363 0.997049570
1341845698.313940 0.035094973 0.052797891 -0.072672717 0.025366336 -0.072305493 0.002964461 0.997055531
1341845698.349629 0.034896780 0.054531194 -0.072014205 0.025935676 -0.072152838 0.002172418 0.997053921
1341845698.381667 0.031964991 0.053458009 -0.074371628 0.025641175 -0.072239697 0.002232053 0.997055113
1341845698.413724 0.033830408 0.054876655 -0.074737526 0.026316093 -0.074052155 0.002845793 0.996903002
1341845698.449543 0.032715619 0.053871673 -0.075307131 0.026309337 -0.075274400 0.003830125 0.996808350
1341845698.481693 0.034461040 0.054523263 -0.075816534 0.026372625 -0.076721773 0.003287964 0.996698260
1341845698.517644 0.033421792 0.052871522 -0.075799882 0.026191896 -0.077203743 0.002773295 0.996667385
1341845698.549633 0.036267109 0.054321859 -0.073663883 0.027224196 -0.078414612 0.001867477 0.996547282
1341845698.581773 0.036593102 0.055436064 -0.074285157 0.028166324 -0.078981377 -0.000097385 0.996478081
1341845698.617608 0.033126544 0.054970492 -0.076354861 0.028272331 -0.078576595 -0.000638673 0.996506870
1341845698.649887 0.033803012 0.051755507 -0.075028919 0.028335236 -0.079036474 -0.000811545 0.996468604
1341845698.685838 0.037505142 0.056823853 -0.074140795 0.030173946 -0.080160640 -0.001191240 0.996324420
1341845698.717744 0.037077263 0.059427511 -0.075026400 0.030107288 -0.079729475 -0.001393585 0.996360779
1341845698.749680 0.038746852 0.055886585 -0.074291423 0.029073864 -0.079732634 -0.000430912 0.996392071
1341845698.785826 0.040933575 0.057972353 -0.072836503 0.029381851 -0.080137581 -0.000081046 0.996350646
1341845698.817603 0.039442826 0.057420380 -0.074566461 0.028583862 -0.079646856 -0.000473296 0.996413112
1341845698.849705 0.040932540 0.057868082 -0.073062189 0.027707860 -0.079781875 -0.000593581 0.996427000
1341845698.885714 0.040091965 0.056189947 -0.072763838 0.027176805 -0.079695232 -0.000671243 0.996448517
1341845698.917723 0.039805550 0.057892486 -0.073622920 0.026655028 -0.079420887 -0.001348161 0.996483803
1341845698.953706 0.038258273 0.057385225 -0.073830113 0.026158011 -0.078738265 -0.002212874 0.996549606
1341845698.985694 0.037069753 0.057394240 -0.076021485 0.025426708 -0.078422427 -0.001067013 0.996595323
1341845699.017571 0.036150441 0.058462307 -0.074000984 0.024629783 -0.078668050 -0.000627824 0.996596336
1341845699.053593 0.031981882 0.058828801 -0.078258902 0.023456007 -0.077964433 -0.000810242 0.996679842
1341845699.086340 0.032980815 0.057824314 -0.079234652 0.021315850 -0.077869296 -0.000760228 0.996735394
1341845699.117688 0.034462690 0.058192704 -0.078409173 0.019727336 -0.078076765 -0.001234279 0.996751368
1341845699.153695 0.035428956 0.058642205 -0.078433260 0.018372541 -0.078002542 -0.001626458 0.996782541
1341845699.185845 0.038856409 0.060986727 -0.073744878 0.017611945 -0.078084975 -0.001820219 0.996789455
1341845699.221973 0.036220782 0.058034267 -0.075874209 0.016087746 -0.077199414 -0.001904820 0.996884048
1341845699.253571 0.035524428 0.057088315 -0.073397353 0.015792228 -0.077847935 -0.001430337 0.996839106
1341845699.285622 0.036514655 0.055880919 -0.070595175 0.016663305 -0.079297364 -0.000516842 0.996711612
1341845699.321906 0.039345253 0.059427150 -0.070734985 0.017815519 -0.080795452 0.000301168 0.996571422
1341845699.354916 0.040864654 0.057399739 -0.074614368 0.017370883 -0.081621438 0.001095149 0.996511400
1341845699.385859 0.042278621 0.057971619 -0.073681548 0.017853726 -0.081938483 0.000403472 0.996477365
1341845699.421535 0.040413380 0.058798533 -0.072992764 0.018676857 -0.080957368 -0.000618296 0.996542335
1341845699.454093 0.042279966 0.061047960 -0.072073676 0.018848652 -0.080493473 -0.001985638 0.996574938
1341845699.489836 0.039423022 0.058075637 -0.073453613 0.017993890 -0.079369225 -0.002309853 0.996680200
1341845699.522001 0.038572483 0.056441266 -0.072892629 0.018087007 -0.080013044 -0.001173608 0.996629000
1341845699.556281 0.041935153 0.055358842 -0.072589122 0.018607114 -0.080947883 -0.000008918 0.996544659
1341845699.595416 0.042547118 0.058466502 -0.071779527 0.019573450 -0.080553807 -0.000703153 0.996557772
1341845699.628631 0.043834321 0.059685554 -0.071014524 0.019468136 -0.079729818 -0.001233248 0.996625602
1341845699.663810 0.043769810 0.056363657 -0.069680110 0.018939730 -0.078929901 -0.000696797 0.996699989
1341845699.696113 0.041503981 0.056787532 -0.072080731 0.019630659 -0.078265496 0.001188048 0.996738553
1341845699.727683 0.038868722 0.060106460 -0.076917969 0.018736903 -0.077296510 0.000654397 0.996831834
1341845699.789808 0.042577174 0.058359183 -0.073220536 0.017017346 -0.076924436 -0.000295428 0.996891618
1341845699.821737 0.042046551 0.057054486 -0.072989121 0.016798006 -0.076153621 -0.000182256 0.996954560
1341845699.857825 0.043031018 0.059597287 -0.072221346 0.016918791 -0.076571815 -0.000005565 0.996920526
1341845699.889686 0.042864017 0.059662923 -0.072857209 0.017292008 -0.076847136 -0.000345863 0.996892869
1341845699.925749 0.045370121 0.055551548 -0.070402108 0.016826654 -0.076770805 -0.000070803 0.996906757
1341845699.957536 0.045023505 0.056272935 -0.069340244 0.017603476 -0.076459147 0.000776214 0.996917009
1341845699.989671 0.042066738 0.053614296 -0.072168410 0.018158147 -0.076291256 0.001596410 0.996918917
1341845700.025810 0.047107466 0.058319662 -0.068629481 0.020101907 -0.077247098 0.001780005 0.996807694
1341845700.058133 0.047483720 0.056963354 -0.070127517 0.020447847 -0.076755337 0.001157548 0.996839583
1341845700.090754 0.046276223 0.057434417 -0.071563080 0.020802418 -0.075983867 0.000097951 0.996892035
1341845700.125852 0.049087323 0.057206336 -0.069777310 0.020858509 -0.076606385 -0.000064214 0.996843219
1341845700.157773 0.046521012 0.057237972 -0.071325898 0.021381214 -0.076151319 -0.000425136 0.996866941
1341845700.193533 0.050021622 0.061042808 -0.069416568 0.022433279 -0.076026291 -0.001176993 0.996852696
1341845700.225771 0.048490632 0.056860909 -0.068624176 0.021630654 -0.074925229 -0.000910985 0.996954083
1341845700.257669 0.051698867 0.058055997 -0.068391874 0.021913551 -0.075107418 0.000258010 0.996934593
1341845700.293641 0.050364424 0.057120945 -0.070801653 0.021781221 -0.074530870 0.000855177 0.996980429
1341845700.325714 0.048159841 0.056683909 -0.071541540 0.021917524 -0.074078977 0.001427921 0.997010469
1341845700.357742 0.050137043 0.057870097 -0.070700727 0.022178384 -0.073744193 0.000883707 0.997030199
1341845700.393681 0.051457472 0.057993118 -0.068741344 0.021630548 -0.073241606 -0.000136585 0.997079611
1341845700.425997 0.053453039 0.059843164 -0.068865143 0.021761712 -0.073124029 -0.000557634 0.997085214
1341845700.461682 0.051936813 0.059566062 -0.067081913 0.021695146 -0.072783090 -0.001263174 0.997111022
1341845700.493808 0.050928071 0.059608605 -0.067675225 0.021561019 -0.072309345 -0.001388245 0.997148216
1341845700.526106 0.050822191 0.058191840 -0.067467317 0.020916512 -0.072240412 -0.001062675 0.997167349
1341845700.562458 0.049592808 0.058817908 -0.067978278 0.020769825 -0.071836941 -0.000551194 0.997199953
1341845700.626137 0.052463576 0.059584226 -0.066785961 0.020527728 -0.072478347 -0.000713231 0.997158468
1341845700.661872 0.049732998 0.061711688 -0.070859998 0.020637462 -0.071114212 -0.002277019 0.997252047
1341845700.693861 0.049175777 0.059415184 -0.067692816 0.019517105 -0.070642166 -0.002133375 0.997308493
1341845700.732394 0.048801210 0.057752185 -0.068507180 0.019415567 -0.071381032 -0.001375180 0.997259200
1341845700.767794 0.050004907 0.060652204 -0.067305535 0.020345358 -0.071770363 -0.000696654 0.997213423
1341845700.799058 0.048812944 0.059874598 -0.068115085 0.020590313 -0.071205817 -0.001220796 0.997248352
1341845700.867749 0.050199140 0.060876288 -0.065149620 0.020795655 -0.071195848 -0.001685310 0.997244120
1341845700.930007 0.048094243 0.059644304 -0.065888539 0.021769287 -0.071673401 -0.001240527 0.997189760
1341845700.961797 0.051399216 0.060887195 -0.064814426 0.021899907 -0.071993880 -0.002116826 0.997162342
1341845700.997752 0.050989922 0.060767204 -0.061544836 0.021665186 -0.071980298 -0.002541232 0.997167468
1341845701.029597 0.050799537 0.059919283 -0.064603731 0.021675209 -0.072451904 -0.002612996 0.997132897
1341845701.061618 0.050479449 0.058109328 -0.066869557 0.021560373 -0.072623618 -0.002404504 0.997123420
1341845701.097561 0.048440412 0.060045388 -0.067984194 0.022221686 -0.072512381 -0.002691216 0.997116268
1341845701.129741 0.050008643 0.061237302 -0.066802651 0.022481455 -0.072457179 -0.002146547 0.997115791
1341845701.165734 0.048818327 0.060825400 -0.067793116 0.022216957 -0.072097972 -0.002653884 0.997146547
1341845701.197714 0.048050493 0.060703155 -0.068873189 0.022772500 -0.072444916 -0.002272279 0.997109771
1341845701.230497 0.049973089 0.061111014 -0.068297558 0.023001688 -0.072938308 -0.002664358 0.997067630
1341845701.265852 0.054095846 0.056807391 -0.065876544 0.022495676 -0.074137673 -0.001918189 0.996992409
1341845701.297730 0.053058796 0.056404561 -0.067848340 0.023388125 -0.074752234 -0.002484871 0.996924758
1341845701.329611 0.054203473 0.060526855 -0.068016313 0.023903178 -0.074717984 -0.003324753 0.996912658
1341845701.365791 0.050870467 0.056762673 -0.068251230 0.022805287 -0.073833741 -0.003652951 0.997003078
1341845701.397757 0.050101232 0.061026290 -0.068329200 0.023212146 -0.073601291 -0.004054618 0.997009337
1341845701.433542 0.050266132 0.059846371 -0.065612204 0.022740267 -0.073208071 -0.003854519 0.997049928
1341845701.465617 0.045938838 0.058610149 -0.068131186 0.022808919 -0.072383076 -0.002425767 0.997113109
1341845701.497704 0.047346435 0.063114792 -0.066611968 0.023287514 -0.072884984 -0.001989756 0.997066438
1341845701.533597 0.053100772 0.062603191 -0.064669244 0.022902908 -0.073955260 -0.001739170 0.996996999
1341845701.597762 0.054008625 0.061620560 -0.069810666 0.022297090 -0.072971761 -0.002399605 0.997081816
1341845701.633825 0.052326269 0.058928486 -0.070183799 0.022541789 -0.072914682 -0.002773159 0.997079551
1341845701.665709 0.058527514 0.058232430 -0.069058694 0.023000889 -0.073832497 -0.002400463 0.997002482
1341845701.701676 0.062041502 0.056899503 -0.064428940 0.023571830 -0.074288353 -0.001991596 0.996956170
1341845701.733527 0.055833235 0.057602186 -0.069007069 0.024214903 -0.073080413 -0.003076903 0.997027278
1341845701.765764 0.052608006 0.056780461 -0.069713883 0.024096021 -0.072479934 -0.003580654 0.997072279
1341845701.801701 0.056110900 0.058754701 -0.065714337 0.024420137 -0.072965682 -0.003141139 0.997030497
1341845701.833700 0.057262268 0.058257636 -0.063274123 0.024500726 -0.073195063 -0.002591589 0.997013271
1341845701.865775 0.056223720 0.058402330 -0.065488480 0.024858614 -0.072940044 -0.002306046 0.997023821
1341845701.901711 0.058973365 0.059938304 -0.067077771 0.024918677 -0.073116541 -0.002534204 0.997008801
1341845701.933585 0.054624088 0.061656456 -0.068999834 0.024898188 -0.071913712 -0.003094988 0.997095227
1341845701.969726 0.057928044 0.059490979 -0.067896172 0.024153534 -0.072537929 -0.002717631 0.997069418
1341845702.002544 0.060606904 0.063112356 -0.065753914 0.024920281 -0.072973050 -0.002972916 0.997018099
1341845702.034379 0.060835522 0.061422165 -0.066591397 0.024830293 -0.072663970 -0.003182492 0.997042239
1341845702.101809 0.058144506 0.060655139 -0.064890414 0.025164608 -0.072605483 -0.003747139 0.997036159
1341845702.137663 0.058126412 0.060516763 -0.062206060 0.025473606 -0.073125623 -0.004155205 0.996988714
1341845702.169629 0.056077529 0.057358582 -0.066400148 0.025416465 -0.072728939 -0.004718516 0.997016668
1341845702.201769 0.062186185 0.064708561 -0.062647827 0.026960807 -0.073454499 -0.005028053 0.996921360
1341845702.237691 0.058847010 0.056770567 -0.064441457 0.025573717 -0.072443724 -0.005098523 0.997031510
1341845702.269760 0.058287181 0.058276989 -0.064974122 0.026167372 -0.072482504 -0.005138252 0.997013092
1341845702.301761 0.057749204 0.060312469 -0.064665362 0.026719995 -0.072000049 -0.006374867 0.997026265
1341845702.337713 0.054994430 0.058476310 -0.065613180 0.025899891 -0.070925720 -0.006447547 0.997124434
1341845702.369720 0.052091990 0.058909681 -0.065254413 0.025853435 -0.070947103 -0.005551584 0.997129500
1341845702.405655 0.050647344 0.057398833 -0.061291300 0.025588285 -0.070761234 -0.005857354 0.997147799
1341845702.469691 0.055341326 0.053675182 -0.064418942 0.025249895 -0.070562102 -0.006319956 0.997167706
1341845702.506265 0.052220855 0.057791546 -0.066141650 0.025964126 -0.069991514 -0.005707733 0.997193277
1341845702.569753 0.054374773 0.053298175 -0.071008928 0.025048284 -0.070536681 -0.003953950 0.997186780
1341845702.605685 0.053092431 0.057297241 -0.068272255 0.025309024 -0.070464008 -0.004143010 0.997184575
1341845702.637718 0.054000638 0.055995885 -0.065347157 0.024578162 -0.070740327 -0.004740145 0.997180641
1341845702.673733 0.054099925 0.056850601 -0.066618428 0.024588209 -0.070488282 -0.005233288 0.997195780
1341845702.705735 0.058284488 0.058134999 -0.063114338 0.024176449 -0.070752829 -0.005067348 0.997187972
1341845702.737648 0.059493769 0.059066124 -0.068074562 0.023384213 -0.069930524 -0.006521706 0.997256398
1341845702.773644 0.055646509 0.061710835 -0.070038937 0.022047821 -0.068551786 -0.007933313 0.997372389
1341845702.805893 0.056785211 0.055995163 -0.069707789 0.020089490 -0.068143912 -0.008557400 0.997436523
1341845702.837969 0.058198899 0.060404945 -0.072046138 0.019505514 -0.067512266 -0.009361157 0.997483850
1341845702.874009 0.057956118 0.058071285 -0.068663061 0.017436149 -0.066898443 -0.009644642 0.997560799
1341845702.908704 0.056582805 0.054352582 -0.065552250 0.016361130 -0.066509508 -0.009284010 0.997608423
1341845702.941673 0.056409452 0.052487053 -0.063024051 0.017007528 -0.067048460 -0.008452817 0.997568965
1341845702.973595 0.052791014 0.050896563 -0.064705782 0.018867237 -0.067642502 -0.006612746 0.997509301
1341845703.005769 0.055595666 0.053345907 -0.065921135 0.020897968 -0.069453798 -0.005153768 0.997352898
1341845703.041648 0.058583800 0.057481863 -0.065267503 0.022789186 -0.070821501 -0.005004521 0.997216105
1341845703.073714 0.059740819 0.061798282 -0.068918705 0.022472184 -0.070636451 -0.006554050 0.997227430
1341845703.109699 0.063596003 0.061551411 -0.067298017 0.020448077 -0.069449648 -0.008151048 0.997342587
1341845703.142006 0.063352145 0.060867473 -0.067518339 0.018948732 -0.067997038 -0.009316362 0.997462034
1341845703.173706 0.055763017 0.055901099 -0.067845322 0.016603876 -0.066242814 -0.009944280 0.997615814
1341845703.209732 0.057104830 0.055623338 -0.064943522 0.016540188 -0.066570982 -0.010035096 0.997594118
1341845703.242050 0.058001596 0.051897749 -0.065906785 0.016986232 -0.067020275 -0.009505567 0.997561693
1341845703.273874 0.055069696 0.052308626 -0.067794003 0.017799934 -0.067189649 -0.008937901 0.997541368
1341845703.309758 0.055376921 0.052263614 -0.067481227 0.018595666 -0.068062365 -0.007764592 0.997477531
1341845703.341850 0.060107518 0.056191459 -0.064139642 0.019803161 -0.069064520 -0.007877517 0.997384489
1341845703.377702 0.060504463 0.054332614 -0.066572919 0.020084471 -0.068325162 -0.008103887 0.997428000
1341845703.409585 0.057477538 0.055515744 -0.069983214 0.020611282 -0.067537345 -0.008629610 0.997466505
1341845703.441629 0.058536995 0.057090022 -0.066584952 0.020573005 -0.068052590 -0.009126112 0.997427821
1341845703.477741 0.056025553 0.054704122 -0.067993447 0.020197127 -0.067632034 -0.009942957 0.997456312
1341845703.509995 0.055863999 0.055900447 -0.065927736 0.020828538 -0.067540415 -0.010101222 0.997447968
1341845703.541800 0.054523416 0.054885302 -0.067168772 0.021272646 -0.067249015 -0.010718178 0.997451842
1341845703.577765 0.057030465 0.057478458 -0.066683128 0.021808488 -0.067812145 -0.011185088 0.997397006
1341845703.609650 0.058132958 0.055851731 -0.067794047 0.022018060 -0.068209171 -0.011483813 0.997361958
1341845703.651761 0.058660284 0.054175563 -0.065654576 0.021991678 -0.068709888 -0.011538466 0.997327507
1341845703.709916 0.059558697 0.057603732 -0.069500975 0.022480356 -0.069955543 -0.010644275 0.997239947
1341845703.745719 0.060109042 0.060981899 -0.066054739 0.021988284 -0.069808334 -0.011612393 0.997250438
1341845703.777733 0.061082523 0.059643075 -0.064682014 0.020469936 -0.068926789 -0.011999779 0.997339487
1341845703.809711 0.059026469 0.056051038 -0.068019085 0.019531162 -0.067928106 -0.011946903 0.997427464
1341845703.845769 0.059841905 0.056560434 -0.066264898 0.019617470 -0.068297632 -0.011948821 0.997400522
1341845703.877728 0.059928827 0.054831553 -0.067855366 0.019233560 -0.068119906 -0.012334674 0.997415483
1341845703.913808 0.057564560 0.055881392 -0.066972546 0.018885056 -0.067777246 -0.011565717 0.997454703
1341845703.945653 0.058757648 0.053982340 -0.062926583 0.018804884 -0.067575872 -0.012418184 0.997459590
1341845703.977870 0.058334291 0.055710610 -0.065777808 0.019637067 -0.067154802 -0.012725570 0.997468114
1341845704.013637 0.057718214 0.052395958 -0.065490358 0.019907391 -0.067308642 -0.012334665 0.997457325
1341845704.045703 0.056146275 0.054331657 -0.064368680 0.021156767 -0.067476250 -0.011897080 0.997425556
1341845704.077666 0.060973819 0.051441070 -0.064871863 0.021124355 -0.068404511 -0.010977917 0.997373581
1341845704.113706 0.059589524 0.056498110 -0.067310631 0.022059331 -0.067716762 -0.011516867 0.997394204
1341845704.145681 0.060246564 0.056010149 -0.066283971 0.021435339 -0.067432500 -0.011588974 0.997426212
1341845704.181785 0.060655605 0.056163348 -0.064531051 0.021075806 -0.067178123 -0.011984243 0.997446358
1341845704.213778 0.059964769 0.057231173 -0.063567765 0.021120841 -0.067029849 -0.011890998 0.997456491
1341845704.245863 0.061285697 0.060022403 -0.061385538 0.021556268 -0.067177653 -0.011372846 0.997443318
1341845704.281578 0.060865782 0.058513526 -0.064428322 0.021004826 -0.066830531 -0.010934609 0.997483313
1341845704.313707 0.062983364 0.059418704 -0.062788665 0.020301931 -0.066607185 -0.010907977 0.997513056
1341845704.349873 0.064674661 0.058459092 -0.066039555 0.019628093 -0.065263875 -0.011353856 0.997610390
1341845704.381729 0.065072469 0.059821591 -0.061952554 0.019072106 -0.063776031 -0.011229540 0.997718751
1341845704.413817 0.065773189 0.059036609 -0.060371630 0.018976087 -0.062549293 -0.011151012 0.997799158
1341845704.449837 0.064895786 0.061642740 -0.064043492 0.019271545 -0.060638752 -0.011313594 0.997909606
1341845704.481600 0.064721271 0.059139039 -0.062375575 0.017733170 -0.059101250 -0.011496691 0.998028278
1341845704.513671 0.057219747 0.048950594 -0.060830440 0.017271534 -0.057484340 -0.011160688 0.998134613
1341845704.549869 0.054997206 0.045494229 -0.063476764 0.021126550 -0.058212981 -0.008302235 0.998046100
1341845704.581901 0.055008795 0.052379720 -0.060203686 0.026358148 -0.060331572 -0.006719034 0.997807682
1341845704.617838 0.057060476 0.057753157 -0.061605349 0.028858028 -0.061365128 -0.007311591 0.997671306
1341845704.650477 0.058467872 0.052932348 -0.064022392 0.028561940 -0.061427500 -0.009001622 0.997662187
1341845704.681708 0.055628326 0.050929721 -0.065062590 0.029325930 -0.061488576 -0.009162674 0.997634768
1341845704.717704 0.057407815 0.050721340 -0.063378111 0.030584594 -0.063143104 -0.009499321 0.997490466
1341845704.749702 0.060404498 0.057555053 -0.063615009 0.031919777 -0.063853331 -0.010719042 0.997391105
1341845704.781791 0.059814576 0.055724978 -0.064457789 0.030735819 -0.063199729 -0.012575545 0.997448206
1341845704.817744 0.052136898 0.050039869 -0.065850772 0.030437749 -0.062607005 -0.013906220 0.997477055
1341845704.849705 0.054345477 0.051546097 -0.064548515 0.032265462 -0.064908057 -0.013898134 0.997272670
1341845704.885675 0.055986851 0.054978322 -0.064687498 0.032868538 -0.066077635 -0.013909357 0.997175932
1341845704.917742 0.054453816 0.056337047 -0.067447618 0.032584589 -0.066274434 -0.014634581 0.997161865
1341845704.949746 0.056882650 0.054751050 -0.069129623 0.031682849 -0.067107469 -0.015535070 0.997121572
1341845704.985761 0.053967725 0.056038640 -0.066651158 0.030981041 -0.067117892 -0.015895557 0.997137249
1341845705.017537 0.055085260 0.056006670 -0.066816419 0.030322468 -0.067640178 -0.016648298 0.997109890
1341845705.049660 0.055917103 0.058462963 -0.066901632 0.029862149 -0.068050437 -0.016902748 0.997091591
1341845705.085710 0.050324216 0.054653034 -0.065274753 0.028864993 -0.067839056 -0.017805807 0.997119665
1341845705.117831 0.052835532 0.055146333 -0.067331932 0.028972842 -0.068934433 -0.018084452 0.997036397
1341845705.154005 0.053714041 0.057049267 -0.069402605 0.027858259 -0.069082476 -0.018512696 0.997050047
1341845705.185648 0.056830458 0.054468278 -0.066896975 0.026744733 -0.069335513 -0.018404968 0.997065008
1341845705.217695 0.056847706 0.056619193 -0.065974057 0.027070383 -0.068916976 -0.018274972 0.997087598
1341845705.253735 0.054527726 0.058511443 -0.066931911 0.026699591 -0.068032816 -0.018722527 0.997150004
1341845705.285554 0.052538723 0.053263079 -0.066281348 0.025679037 -0.068010099 -0.018646352 0.997179806
1341845705.321646 0.055997923 0.056967475 -0.064275898 0.026726585 -0.069112048 -0.017574174 0.997095942
1341845705.353674 0.054347686 0.060518473 -0.062182892 0.027393423 -0.069362648 -0.016666299 0.997076035
1341845705.385774 0.054532565 0.055405192 -0.065295093 0.027012879 -0.069286458 -0.016832693 0.997088969
1341845705.421801 0.053721841 0.052563719 -0.064552777 0.027723234 -0.068693638 -0.017673360 0.997095883
1341845705.453568 0.053346168 0.051803634 -0.062950060 0.029708635 -0.068993814 -0.016922794 0.997031033
1341845705.485749 0.052729633 0.055105343 -0.065426014 0.032037385 -0.069766462 -0.015356843 0.996930480
1341845705.521655 0.053343549 0.054875571 -0.061984189 0.033360358 -0.070512250 -0.014367773 0.996849358
1341845705.553548 0.056282703 0.056921024 -0.065218002 0.034263056 -0.071005896 -0.013475237 0.996796191
1341845705.589775 0.056503542 0.057807736 -0.065001458 0.034139156 -0.070795909 -0.013807269 0.996810794
1341845705.621894 0.054071553 0.055725288 -0.066482440 0.033745609 -0.070543468 -0.013267976 0.996849418
1341845705.653569 0.047946580 0.056089826 -0.065856449 0.033891581 -0.072188877 -0.012401631 0.996737838
1341845705.689868 0.054507446 0.056550127 -0.062765025 0.034597024 -0.074574471 -0.013040761 0.996529758
1341845705.721810 0.057016205 0.059026044 -0.062938035 0.034880191 -0.074140266 -0.013236897 0.996549726
1341845705.753738 0.055872966 0.057751160 -0.061970774 0.034641098 -0.073462225 -0.014519102 0.996590436
1341845705.789861 0.056163706 0.056591418 -0.063717350 0.034418073 -0.072231658 -0.014165710 0.996693194
1341845705.821704 0.052506916 0.058784477 -0.060283482 0.034428988 -0.071217746 -0.013456329 0.996775627
1341845705.863629 0.050820194 0.054296277 -0.061777584 0.034315936 -0.071903899 -0.013531976 0.996729195
1341845705.895623 0.052743964 0.049918845 -0.064945340 0.035323724 -0.073649481 -0.011851652 0.996587932
1341845705.931726 0.051248185 0.055276603 -0.063653991 0.037411895 -0.076007098 -0.009543038 0.996359468
1341845705.963641 0.052125908 0.061450977 -0.066663474 0.038378980 -0.077665918 -0.012040313 0.996167719
1341845705.995677 0.059317503 0.065979265 -0.061263200 0.037710987 -0.078200132 -0.016293313 0.996090949
1341845706.031837 0.061265696 0.064555824 -0.059394144 0.034952667 -0.076568551 -0.016928952 0.996307671
1341845706.063631 0.051529255 0.059319433 -0.057515461 0.033261478 -0.076025791 -0.016640019 0.996411979
1341845706.095737 0.052813239 0.059856623 -0.056995433 0.033469904 -0.077775128 -0.017763333 0.996250629
1341845706.131716 0.060481645 0.063576132 -0.056573819 0.032859556 -0.078281745 -0.018741267 0.996213317
1341845706.163718 0.053728413 0.058513451 -0.053317651 0.031624839 -0.075911872 -0.018296950 0.996444941
1341845706.195662 0.054504849 0.061823029 -0.053935837 0.032752555 -0.076558933 -0.016934732 0.996383071
1341845706.231610 0.061894268 0.068636961 -0.050133675 0.033027560 -0.077220358 -0.016966332 0.996322453
1341845706.263724 0.061514758 0.063691638 -0.050397176 0.030948970 -0.075152598 -0.015540673 0.996570468
1341845706.299838 0.053511631 0.061861955 -0.052485909 0.029644877 -0.073551148 -0.014729007 0.996741951
1341845706.331753 0.058059398 0.064983286 -0.050623111 0.029626977 -0.075011641 -0.015642997 0.996619701
1341845706.363574 0.059758127 0.061547626 -0.049465090 0.028820742 -0.075062074 -0.015495976 0.996641815
1341845706.399690 0.058668997 0.062272780 -0.048006788 0.029029630 -0.075300567 -0.014884109 0.996627092
1341845706.431735 0.060635034 0.062932678 -0.046516441 0.029556980 -0.075323708 -0.014850159 0.996610343
1341845706.463612 0.060776781 0.062122017 -0.043560110 0.029340167 -0.074583597 -0.013302478 0.996694267
1341845706.499655 0.055666976 0.058557503 -0.047136314 0.029556556 -0.074278712 -0.012075494 0.996726274
1341845706.531782 0.060856681 0.062865883 -0.044657636 0.031095134 -0.075846411 -0.012160406 0.996560335
1341845706.563559 0.070494041 0.061174806 -0.041568205 0.031174818 -0.075036451 -0.012205417 0.996618629
1341845706.599529 0.058961328 0.055274084 -0.043446511 0.031146444 -0.071924038 -0.012447059 0.996845961
1341845706.631786 0.062964566 0.056718353 -0.044602215 0.033130933 -0.073817953 -0.012865029 0.996638238
1341845706.667647 0.071736529 0.060774155 -0.042296734 0.034678251 -0.074307621 -0.012407876 0.996554971
1341845706.700732 0.068441935 0.057880864 -0.043249466 0.034245405 -0.071525104 -0.012178053 0.996776342
1341845706.732115 0.063539088 0.055609360 -0.044076893 0.034646802 -0.070334658 -0.012000629 0.996849358
1341845706.768143 0.068955682 0.056862347 -0.045347404 0.035471406 -0.070807628 -0.010036593 0.996808589
1341845706.800357 0.067097932 0.057735674 -0.043062165 0.036157548 -0.069887042 -0.008699205 0.996861458
1341845706.832602 0.070877887 0.060470253 -0.045263797 0.036608305 -0.070517302 -0.008629130 0.996801257
1341845706.869449 0.068059608 0.061682787 -0.045393020 0.035936724 -0.069837816 -0.008567727 0.996874034
1341845706.933651 0.068542682 0.057605386 -0.045289651 0.034639701 -0.070579171 -0.007942541 0.996872902
1341845706.994021 0.066282719 0.058224328 -0.044842262 0.033539534 -0.069809489 -0.006359408 0.996976078
1341845707.029674 0.065972969 0.052065123 -0.046970297 0.033132639 -0.070196182 -0.005245102 0.996968985
1341845707.061864 0.071619846 0.060065389 -0.044840526 0.035253238 -0.070813805 -0.005129903 0.996853232
1341845707.097704 0.075562462 0.052195780 -0.044384677 0.034236431 -0.070175439 -0.004304922 0.996937692
1341845707.129770 0.066852942 0.047802102 -0.046263538 0.035786964 -0.068794675 -0.004002403 0.996980727
1341845707.161817 0.074763127 0.050452568 -0.044938263 0.038611609 -0.070624597 -0.003370030 0.996749699
1341845707.197721 0.079081088 0.050592937 -0.044730838 0.039320696 -0.069978543 -0.003377561 0.996767521
1341845707.229795 0.077708103 0.051753413 -0.042755142 0.040192686 -0.068974428 -0.003874580 0.996800900
1341845707.261851 0.079315282 0.052162010 -0.042763621 0.040754337 -0.069027416 -0.003005699 0.996777415
1341845707.297710 0.081426680 0.055832565 -0.042587392 0.041420475 -0.068454780 -0.003065780 0.996789336
1341845707.329761 0.080335625 0.053078331 -0.041121196 0.040487170 -0.066563174 -0.003809334 0.996953189
1341845707.365850 0.081072964 0.048425827 -0.040075283 0.040153235 -0.065192327 -0.002319305 0.997061849
1341845707.397796 0.076559283 0.047319539 -0.042694528 0.041105565 -0.064472727 -0.000109416 0.997072518
1341845707.429752 0.082914293 0.046613436 -0.041274823 0.042127017 -0.065472133 0.000703925 0.996964514
1341845707.465767 0.085195079 0.049206369 -0.040611964 0.043658726 -0.064043209 -0.000131878 0.996991694
1341845707.497642 0.086006448 0.046695244 -0.040117521 0.043706242 -0.062559023 0.000394869 0.997083724
1341845707.533665 0.090175383 0.045440454 -0.038038883 0.044462599 -0.062140219 0.001293492 0.997075737
1341845707.565754 0.092397973 0.047855128 -0.036807880 0.045835335 -0.060320776 0.000536749 0.997125983
1341845707.597603 0.090558372 0.045764845 -0.039590091 0.045741633 -0.057916924 0.000386642 0.997272849
1341845707.633748 0.089763783 0.044437084 -0.037644569 0.045917809 -0.057712276 0.001733260 0.997275233
1341845707.665870 0.091552719 0.046251290 -0.037546013 0.046722699 -0.058131751 0.002559179 0.997211695
1341845707.698455 0.093831763 0.047254547 -0.036248341 0.046355475 -0.057593055 0.002258790 0.997260809
1341845707.734303 0.090779044 0.046977203 -0.036680460 0.045650128 -0.056691997 0.000911096 0.997347116
1341845707.766259 0.091694318 0.045005534 -0.035342027 0.045557059 -0.057152964 0.001358007 0.997324526
1341845707.836344 0.089118458 0.046676248 -0.037697222 0.047386441 -0.056546189 0.000792292 0.997274518
1341845707.866230 0.091350950 0.048346046 -0.037422270 0.047419999 -0.057577811 0.000649133 0.997213960
1341845707.901694 0.093284838 0.046601798 -0.037684202 0.046675939 -0.058209538 0.001926880 0.997210741
1341845707.933640 0.088635907 0.044713020 -0.035017900 0.046661075 -0.058103189 0.001738755 0.997218013
1341845707.965831 0.093914934 0.047902688 -0.034781989 0.047606651 -0.059092902 0.001648196 0.997115314
1341845708.001954 0.089955203 0.046344761 -0.034179483 0.047181524 -0.057849143 0.002140152 0.997207522
1341845708.034393 0.091077179 0.044834230 -0.035454199 0.047244702 -0.058776546 0.001286432 0.997151732
1341845708.069946 0.094365656 0.047641814 -0.032596715 0.047302760 -0.059421007 0.001110371 0.997111022
1341845708.101700 0.088856176 0.045333635 -0.031647962 0.046585161 -0.058425765 0.000603936 0.997204065
1341845708.133697 0.091296963 0.042339608 -0.033431008 0.046405829 -0.059762243 0.000726987 0.997133136
1341845708.169675 0.091592692 0.044963676 -0.033913795 0.046879075 -0.060097069 0.000223733 0.997091055
1341845708.201793 0.089859173 0.041844685 -0.034014452 0.046170328 -0.059637304 -0.000758476 0.997151494
1341845708.233744 0.088166729 0.042437371 -0.035519108 0.046541613 -0.060253404 -0.000728841 0.997097254
1341845708.269711 0.088415161 0.040549636 -0.036908060 0.046759482 -0.060910434 -0.000643430 0.997047186
1341845708.301629 0.089551859 0.044661954 -0.037653454 0.047611620 -0.061708290 -0.001376929 0.996957064
1341845708.337612 0.091341011 0.045706224 -0.038199045 0.047353536 -0.061621048 -0.003161634 0.996970654
1341845708.369900 0.089586779 0.043177567 -0.036910113 0.046511281 -0.061058424 -0.003833766 0.997042537
1341845708.401883 0.093683951 0.045709684 -0.032557856 0.047106639 -0.062694870 -0.003571901 0.996914029
1341845708.443610 0.093511432 0.047003027 -0.036467537 0.047619998 -0.062522560 -0.004434926 0.996896982
1341845708.501776 0.091880314 0.046002295 -0.036462218 0.046686161 -0.063674212 -0.003335867 0.996872544
1341845708.543852 0.091910467 0.047008839 -0.035818323 0.047249492 -0.065613285 -0.002715926 0.996722102
1341845708.605675 0.090360768 0.049807087 -0.038121410 0.046695091 -0.066654027 -0.005651227 0.996666908
1341845708.637641 0.083553411 0.048798792 -0.040824015 0.046574131 -0.067368738 -0.006365131 0.996620178
1341845708.669692 0.091472358 0.053175174 -0.038430601 0.047399864 -0.070309505 -0.006940189 0.996374249
1341845708.705736 0.093213134 0.053520836 -0.039342321 0.046361011 -0.070192002 -0.007882566 0.996424377
1341845708.738027 0.083607987 0.050540991 -0.043259062 0.045678873 -0.069367431 -0.009294048 0.996501505
1341845708.773829 0.087946407 0.052919153 -0.041007336 0.045909259 -0.072334483 -0.009079072 0.996281922
1341845708.805763 0.088515237 0.056740295 -0.039519090 0.045740027 -0.072494492 -0.009619197 0.996272981
1341845708.838653 0.086254403 0.053327054 -0.041138306 0.044937760 -0.072760291 -0.011220750 0.996273398
1341845708.873912 0.087181479 0.054232813 -0.040477619 0.045077283 -0.074220344 -0.012428651 0.996145010
1341845708.905735 0.087844089 0.053191237 -0.040000841 0.044525471 -0.074564934 -0.013177675 0.996134460
1341845708.938426 0.085333906 0.053477801 -0.042808156 0.044572264 -0.074714787 -0.014933886 0.996096373
1341845708.973642 0.081336424 0.053180549 -0.043877587 0.044501223 -0.075100377 -0.014413932 0.996078193
1341845709.005742 0.082419932 0.056506153 -0.042325340 0.044621237 -0.076227710 -0.015112247 0.995976865
1341845709.041686 0.080461837 0.054511204 -0.046382848 0.044369422 -0.076212399 -0.016527725 0.995966792
1341845709.073656 0.081683919 0.055999931 -0.045111138 0.044124402 -0.077202208 -0.017146923 0.995890975
1341845709.105658 0.076430961 0.053823583 -0.046033382 0.043633346 -0.077100277 -0.017848883 0.995908201
1341845709.141741 0.081052952 0.058037911 -0.045773376 0.044307906 -0.079190411 -0.017969837 0.995712221
1341845709.173646 0.080311142 0.059474282 -0.043883890 0.044017944 -0.078959726 -0.017792542 0.995746553
1341845709.205765 0.082551330 0.061217964 -0.043329976 0.043782637 -0.079616494 -0.017922159 0.995702326
1341845709.241765 0.083642937 0.059643507 -0.043974649 0.042886004 -0.079637855 -0.017906550 0.995739877
1341845709.273754 0.081020594 0.058328800 -0.043850388 0.042309206 -0.078843646 -0.017732566 0.995830894
1341845709.309890 0.080747619 0.056345310 -0.045670994 0.041969851 -0.078961499 -0.016621908 0.995855093
1341845709.341728 0.081881866 0.059827339 -0.044181507 0.041995123 -0.079476818 -0.016144590 0.995820880
1341845709.373776 0.080469385 0.063570395 -0.045793798 0.041387323 -0.079125933 -0.015841784 0.995879114
1341845709.409657 0.079967372 0.063137665 -0.048777826 0.039237518 -0.078972496 -0.014374936 0.996000588
1341845709.442072 0.077914439 0.061483547 -0.049913652 0.036867406 -0.079092570 -0.012365759 0.996108532
1341845709.473660 0.076844126 0.063413374 -0.048975997 0.035575192 -0.079429395 -0.011645300 0.996137440
1341845709.509632 0.080387101 0.066513836 -0.048423927 0.034149226 -0.079870380 -0.011059850 0.996158719
1341845709.541673 0.075178631 0.065379597 -0.049650148 0.031848460 -0.079941176 -0.010968738 0.996230304
1341845709.578645 0.076534584 0.065155067 -0.046910085 0.031070456 -0.081380494 -0.011387606 0.996133626
1341845709.609672 0.075740851 0.064949140 -0.047455367 0.030710746 -0.082627088 -0.012072036 0.996034086
1341845709.642057 0.078700915 0.062040634 -0.045762524 0.030013295 -0.084222078 -0.011236998 0.995931506
1341845709.709730 0.080664530 0.065870665 -0.044573259 0.029625632 -0.085701138 -0.012185044 0.995805800
1341845709.745593 0.079019867 0.067765549 -0.046263222 0.029313697 -0.085205413 -0.012038683 0.995859325
1341845709.777709 0.076732293 0.061619818 -0.048437286 0.027655309 -0.085275434 -0.010845080 0.995914519
1341845709.809687 0.079870097 0.065124415 -0.048134997 0.028471466 -0.085789211 -0.012125278 0.995832622
1341845709.845686 0.082443051 0.067971997 -0.045872223 0.028933514 -0.084504157 -0.014111545 0.995903015
1341845709.878752 0.078267097 0.065308541 -0.048214041 0.028396627 -0.081904002 -0.015546421 0.996114314
1341845709.909693 0.074579678 0.058301829 -0.051280599 0.028141927 -0.080988668 -0.014639509 0.996210098
1341845709.945663 0.075109921 0.058934163 -0.050791275 0.029960072 -0.082355894 -0.013797970 0.996056974
1341845709.977698 0.078441188 0.063497491 -0.049189348 0.032095190 -0.083003901 -0.013482784 0.995940983
1341845710.013739 0.079922564 0.060720306 -0.050889596 0.032325651 -0.082389526 -0.014773393 0.995966256
1341845710.045754 0.076234385 0.058647670 -0.053125713 0.032671828 -0.081217736 -0.015176084 0.996045172
1341845710.077705 0.077264838 0.062872186 -0.051653899 0.033449382 -0.081910886 -0.015499001 0.995957613
1341845710.113730 0.078979507 0.061322570 -0.050663423 0.033230174 -0.081847467 -0.015224346 0.995974362
1341845710.145759 0.076921627 0.060442585 -0.053214017 0.033168357 -0.081583023 -0.014965197 0.996002078
1341845710.177824 0.078159951 0.058945101 -0.052595645 0.033438616 -0.082629010 -0.014502956 0.995913625
1341845710.213581 0.077659801 0.059899922 -0.053037792 0.033892684 -0.082575887 -0.014501533 0.995902717
1341845710.245636 0.075302906 0.057078362 -0.054511771 0.034348596 -0.082433693 -0.015399411 0.995885372
1341845710.281582 0.074404925 0.056877837 -0.055749431 0.036419977 -0.084103420 -0.017153271 0.995643497
1341845710.313617 0.077737451 0.060101129 -0.055516146 0.037185494 -0.084946796 -0.016663006 0.995551944
1341845710.345643 0.076813065 0.058088504 -0.056812312 0.036928710 -0.084295087 -0.015907872 0.995629191
1341845710.381860 0.076052368 0.057504524 -0.055397056 0.037575591 -0.084918946 -0.016088432 0.995549083
1341845710.413817 0.081257366 0.063593887 -0.052782934 0.038769200 -0.086024448 -0.015711632 0.995414436
1341845710.445824 0.077569887 0.060885038 -0.056774788 0.037730042 -0.084556185 -0.015102618 0.995589614
1341845710.481794 0.078895241 0.056626689 -0.054651573 0.037038334 -0.085794993 -0.015454606 0.995504141
1341845710.513650 0.080241777 0.059120573 -0.053939529 0.037430976 -0.086038306 -0.014641662 0.995480776
1341845710.549635 0.077291951 0.056059569 -0.056822557 0.037602384 -0.085675739 -0.014103960 0.995513320
1341845710.581654 0.076175623 0.059145980 -0.056651477 0.039074183 -0.085887335 -0.014293936 0.995435715
1341845710.613694 0.076995902 0.058259442 -0.057230946 0.038830258 -0.085601151 -0.013215155 0.995484829
1341845710.649564 0.077733755 0.056574743 -0.057740651 0.038981002 -0.085517772 -0.012774792 0.995491862
1341845710.681648 0.079559885 0.059013359 -0.056583844 0.040255710 -0.085988387 -0.013480402 0.995391250
1341845710.713728 0.080379635 0.057988949 -0.054631848 0.040270001 -0.085528389 -0.012714297 0.995440364
1341845710.749785 0.078119196 0.056313161 -0.057599649 0.040256865 -0.084532999 -0.012372364 0.995530248
1341845710.781816 0.082353279 0.056772903 -0.057839237 0.040848747 -0.085279323 -0.012180721 0.995444834
1341845710.817567 0.081429474 0.057836384 -0.055025611 0.041072618 -0.084628150 -0.012974504 0.995481193
1341845710.850205 0.082675524 0.059627071 -0.055453818 0.040824749 -0.084046066 -0.011452482 0.995559335
1341845710.882136 0.080620699 0.057322435 -0.054275498 0.040353235 -0.084312916 -0.010954833 0.995561659
1341845710.917631 0.083283812 0.059823498 -0.054113176 0.040750705 -0.084614106 -0.011734019 0.995510995
1341845710.950281 0.084318191 0.058480643 -0.052056808 0.040381648 -0.084080845 -0.011111695 0.995578349
1341845710.985647 0.076557755 0.054551285 -0.055000637 0.041034926 -0.083614320 -0.011356366 0.995588183
1341845711.017722 0.083586022 0.059541777 -0.056387320 0.043109015 -0.086046226 -0.012986083 0.995273352
1341845711.049965 0.092465460 0.063656352 -0.054299425 0.042379014 -0.085465558 -0.013940175 0.995341778
1341845711.085583 0.083481871 0.057364430 -0.053279847 0.040563546 -0.081911713 -0.014020772 0.995715022
1341845711.117670 0.078307800 0.054734189 -0.054976415 0.040920176 -0.082180001 -0.013616443 0.995683968
1341845711.149770 0.085261352 0.060435575 -0.052419282 0.041915607 -0.083731875 -0.012755563 0.995524645
1341845711.191691 0.085397713 0.058017775 -0.052619942 0.040543325 -0.081987858 -0.013043583 0.995722890
1341845711.253627 0.080507636 0.058559112 -0.054175965 0.041655287 -0.083647028 -0.012985566 0.995539725
1341845711.285627 0.085082226 0.059263341 -0.053853054 0.040666763 -0.084524095 -0.013226739 0.995503366
1341845711.317874 0.083220609 0.059304178 -0.051549185 0.040070526 -0.083391011 -0.014287489 0.995608449
1341845711.353756 0.087276295 0.065022118 -0.051622383 0.039678410 -0.083266415 -0.015306444 0.995619416
1341845711.385687 0.086956270 0.061940111 -0.051681791 0.037562657 -0.081353582 -0.015716843 0.995853186
1341845711.417635 0.081762075 0.055609882 -0.051563885 0.036204521 -0.080179341 -0.014700892 0.996014237
1341845711.485895 0.085358568 0.058985345 -0.050340682 0.038561951 -0.083097003 -0.012823683 0.995712519
1341845711.521704 0.084710106 0.058259957 -0.049711436 0.039003741 -0.082241409 -0.012348413 0.995772362
1341845711.553696 0.084972143 0.060676474 -0.050056569 0.039848849 -0.081967711 -0.012482455 0.995759785
1341845711.585708 0.089044422 0.063013740 -0.051003687 0.039164424 -0.081622876 -0.012744054 0.995811939
1341845711.621659 0.087527238 0.058834143 -0.051537797 0.038021553 -0.080242760 -0.013179296 0.995962739
1341845711.653731 0.083702147 0.058143478 -0.051695835 0.038109068 -0.080088705 -0.013001723 0.995974123
1341845711.685758 0.086713575 0.060840718 -0.050867040 0.038550373 -0.080664039 -0.011854385 0.995925009
1341845711.721850 0.087030217 0.057614323 -0.050830655 0.038284712 -0.080577828 -0.010885212 0.995953321
1341845711.754323 0.083501145 0.057127871 -0.050309852 0.038653001 -0.080975063 -0.010484244 0.995911181
1341845711.789716 0.084637433 0.059934855 -0.051249180 0.039412756 -0.081872039 -0.010877036 0.995803833
1341845711.821820 0.084626868 0.059821606 -0.051510222 0.039557751 -0.081600420 -0.011089822 0.995818079
1341845711.854173 0.086030513 0.060678102 -0.051359426 0.040021684 -0.081657030 -0.012141037 0.995782614
1341845711.889875 0.092776731 0.061712150 -0.050959181 0.039425097 -0.081101723 -0.012320267 0.995849550
1341845711.923959 0.088150837 0.059931576 -0.050311610 0.038432341 -0.078393653 -0.013035839 0.996096134
1341845711.957595 0.084484361 0.059584986 -0.050785288 0.037699718 -0.077600494 -0.014552165 0.996165216
1341845711.989820 0.089572504 0.063174449 -0.047905535 0.037455734 -0.077631287 -0.015019871 0.996165097
1341845712.057899 0.085978210 0.060177106 -0.051205877 0.035762478 -0.076825581 -0.013103737 0.996316791
1341845712.090038 0.094336599 0.065546490 -0.050834399 0.035840131 -0.076897420 -0.016380927 0.996259987
1341845712.127587 0.089836434 0.062222775 -0.048751064 0.033647023 -0.073939361 -0.016061476 0.996565521
1341845712.195638 0.085606158 0.064349726 -0.050140023 0.036211528 -0.078409269 -0.013919558 0.996166170
1341845712.257830 0.084536582 0.062669180 -0.051169172 0.034431592 -0.074563988 -0.017153824 0.996474028
1341845712.289935 0.081774801 0.059907537 -0.051825084 0.034337282 -0.075041935 -0.016310047 0.996455550
