1341845688.561749 0.000000000 0.000000000 0.000000000 0.000000000 0.000000000 0.000000000 1.000000000
1341845688.593654 -0.013136229 -0.003163310 -0.005640061 0.000187789 -0.000697667 0.002023160 0.999997675
1341845688.629688 -0.015112002 0.005525795 -0.016033743 0.003314129 -0.005520073 0.006940365 0.999955177
1341845688.663680 -0.011315187 0.003359740 -0.008265488 0.004593084 -0.011953874 0.013067896 0.999832630
1341845688.697719 -0.004798718 -0.002297740 -0.015888201 0.007103703 -0.018334651 0.023925401 0.999520361
1341845688.729899 -0.004776927 0.008882563 -0.011577099 0.013268904 -0.025708800 0.020793861 0.999365091
1341845688.761762 -0.002333513 0.014369241 -0.013132242 0.016333211 -0.028766982 0.020494375 0.999242544
1341845688.797687 0.001790836 0.020141808 -0.013800208 0.018427756 -0.028331375 0.020635379 0.999215662
1341845688.829892 -0.000055925 0.018924700 -0.013478440 0.017703274 -0.025845053 0.019200766 0.999324739
1341845688.865774 -0.014486064 0.014647143 -0.022661231 0.016432734 -0.022931363 0.018201567 0.999436259
1341845688.929779 -0.016110659 0.017258126 -0.032026611 0.016435195 -0.029999034 0.020990653 0.999194324
1341845688.965631 -0.012439491 0.020392250 -0.034362666 0.016899291 -0.033170599 0.020186031 0.999102950
1341845688.997750 -0.011361255 0.023481838 -0.040675543 0.015317193 -0.032716360 0.015910719 0.999220610
1341845689.029751 -0.009195263 0.024244301 -0.044592626 0.011184552 -0.030457171 0.010082515 0.999422610
1341845689.065755 -0.001477465 0.034759816 -0.040977731 0.009049128 -0.030500250 0.010751816 0.999435961
1341845689.097725 -0.011902400 0.025429789 -0.041153383 0.003741585 -0.028037967 0.010504091 0.999544680
1341845689.133718 -0.013804881 0.034297064 -0.043232024 0.002913795 -0.026397787 0.012583753 0.999568045
1341845689.165884 -0.010906155 0.040288236 -0.046516191 0.000909582 -0.026323190 0.017188339 0.999505281
1341845689.198264 -0.008476184 0.044774838 -0.048975598 -0.002113924 -0.026572797 0.020220373 0.999440134
1341845689.234322 -0.011250612 0.036629423 -0.051036529 -0.005814674 -0.025002260 0.021296548 0.999443591
1341845689.265745 -0.014035769 0.033031177 -0.052957360 -0.007822458 -0.024081521 0.023398709 0.999405503
1341845689.297769 -0.020425746 0.040438097 -0.055248138 -0.007759582 -0.023375083 0.023367781 0.999423504
1341845689.333650 -0.019604720 0.039418694 -0.053085253 -0.009050325 -0.022488935 0.023632711 0.999426723
1341845689.365881 -0.020526353 0.039885998 -0.050346542 -0.008608204 -0.022066317 0.023543233 0.999442160
1341845689.401592 -0.019112712 0.038326003 -0.052673444 -0.007739686 -0.023184054 0.023194894 0.999432087
1341845689.433744 -0.018404718 0.037959911 -0.051714335 -0.007196100 -0.024256624 0.022843014 0.999418855
1341845689.465651 -0.026323520 0.027809724 -0.061372399 -0.006001481 -0.024002247 0.022188567 0.999447584
1341845689.501840 -0.032461468 0.033343930 -0.064553320 -0.001213972 -0.026443942 0.018750327 0.999473691
1341845689.533687 -0.023436509 0.035124715 -0.058983706 0.001113493 -0.029814575 0.014521520 0.999449313
1341845689.565814 -0.024340691 0.028374476 -0.060285237 0.002493780 -0.029459421 0.010524862 0.999507427
1341845689.601682 -0.035538685 0.028299542 -0.063952811 0.005387419 -0.029555017 0.007292550 0.999522030
1341845689.633591 -0.026998246 0.031966507 -0.062843949 0.007853422 -0.034134027 0.003601613 0.999379933
1341845689.669672 -0.033996433 0.031722941 -0.067814007 0.008633774 -0.034441292 0.001766244 0.999367893
1341845689.701700 -0.034187119 0.039730567 -0.063910007 0.011070999 -0.037180111 0.001693358 0.999245822
1341845689.733773 -0.032341693 0.035150785 -0.068893872 0.010395055 -0.040108539 0.000820895 0.999140918
1341845689.769822 -0.029187385 0.035386540 -0.066438332 0.010680360 -0.042251345 -0.000780604 0.999049604
1341845689.802003 -0.035487548 0.034158166 -0.066844590 0.010658385 -0.042985316 -0.001554144 0.999017656
1341845689.833757 -0.037481174 0.033540785 -0.065700375 0.011409694 -0.045697264 -0.003189775 0.998885095
1341845689.869861 -0.033007525 0.038854029 -0.065483443 0.013205549 -0.048700221 -0.003727314 0.998719215
1341845689.901825 -0.032997124 0.036587834 -0.064631499 0.013019260 -0.050139349 -0.004206609 0.998648524
1341845689.937674 -0.035735775 0.039863463 -0.065495752 0.014687008 -0.052145157 -0.003734344 0.998524547
1341845689.969679 -0.027879154 0.043727160 -0.065759666 0.015356675 -0.054674309 -0.002871265 0.998382032
1341845690.003830 -0.032790933 0.041619882 -0.066416405 0.014792233 -0.053848222 -0.003960029 0.998431683
1341845690.037686 -0.035754122 0.040552076 -0.064921997 0.014843144 -0.053587131 -0.005900506 0.998435438
1341845690.069636 -0.031179994 0.044128843 -0.067669228 0.015789146 -0.054006215 -0.005091969 0.998402774
1341845690.106587 -0.035485946 0.038847160 -0.070861384 0.014721373 -0.053673532 -0.004475627 0.998439968
1341845690.138859 -0.030626161 0.041719429 -0.067392066 0.014934041 -0.055002552 -0.005775880 0.998357832
1341845690.169919 -0.029364727 0.042886667 -0.066930301 0.015328536 -0.054459706 -0.004968127 0.998385966
1341845690.206103 -0.032203849 0.043538675 -0.069247514 0.014735915 -0.054034047 -0.004372625 0.998420775
1341845690.237700 -0.032160778 0.041719873 -0.063452899 0.013885989 -0.054824460 -0.004999124 0.998386919
1341845690.269981 -0.033866983 0.037688982 -0.066880018 0.014058609 -0.055667195 -0.005703450 0.998334110
1341845690.306143 -0.034081418 0.039868455 -0.070764460 0.014663035 -0.056734975 -0.006233979 0.998262167
1341845690.338646 -0.034039937 0.043292299 -0.071954422 0.014294937 -0.056839846 -0.005573122 0.998265386
1341845690.373833 -0.033740208 0.041295316 -0.070274897 0.013012508 -0.057482515 -0.005705608 0.998245418
1341845690.405976 -0.030591978 0.040391970 -0.069760159 0.012955363 -0.058016073 -0.006783966 0.998208523
1341845690.437908 -0.030573957 0.040481318 -0.070068173 0.013022659 -0.057586670 -0.006376656 0.998235226
1341845690.473654 -0.035662372 0.038449030 -0.070508011 0.012690802 -0.057367131 -0.005539855 0.998257101
1341845690.505978 -0.033477765 0.037958141 -0.068235889 0.013251736 -0.059443440 -0.005702048 0.998127401
1341845690.537884 -0.029788962 0.042416874 -0.068350270 0.014244188 -0.060000092 -0.007503601 0.998068511
1341845690.573708 -0.027414301 0.042615455 -0.066538602 0.013503165 -0.059095215 -0.006394794 0.998140514
1341845690.605848 -0.032017555 0.040122390 -0.067217529 0.012996798 -0.057862677 -0.005293847 0.998225927
1341845690.641747 -0.032911796 0.037719000 -0.067218542 0.013531868 -0.058102243 -0.006082919 0.998200357
1341845690.673751 -0.029208124 0.040288031 -0.065782517 0.013797242 -0.057774428 -0.006232162 0.998214900
1341845690.706003 -0.030351194 0.038743060 -0.065259375 0.013996139 -0.056462470 -0.006449750 0.998285770
1341845690.741684 -0.029234566 0.038795829 -0.066291340 0.014736477 -0.056102592 -0.007044769 0.998291433
1341845690.773770 -0.027097402 0.040019199 -0.064697161 0.015238280 -0.055621512 -0.006830338 0.998312294
1341845690.805715 -0.028562732 0.039708838 -0.065359570 0.015571626 -0.054427821 -0.006151299 0.998377323
1341845690.841674 -0.028534207 0.038826585 -0.065578453 0.015570620 -0.053666551 -0.006018186 0.998419344
1341845690.873770 -0.027344270 0.042435259 -0.066080026 0.015848188 -0.053108126 -0.005909718 0.998445511
1341845690.909837 -0.027499586 0.038318273 -0.064604022 0.014686059 -0.052404847 -0.004939527 0.998505712
1341845690.941576 -0.028258879 0.040309563 -0.066616096 0.014967498 -0.052075133 -0.004950698 0.998518705
1341845690.973879 -0.027647115 0.040420189 -0.064589396 0.015016527 -0.051648565 -0.004699436 0.998541355
1341845691.011558 -0.024685616 0.041725963 -0.064382955 0.014993466 -0.051391099 -0.003368369 0.998560369
1341845691.077986 -0.024202451 0.040924184 -0.063534893 0.015481371 -0.051484752 -0.005254226 0.998539925
1341845691.109685 -0.020772878 0.042881772 -0.063422076 0.016379382 -0.051217858 -0.005207147 0.998539627
1341845691.141759 -0.024591731 0.040569130 -0.062494475 0.016449066 -0.049550261 -0.005059131 0.998623371
1341845691.177729 -0.024965655 0.039999578 -0.063965283 0.017097313 -0.049832616 -0.006001176 0.998593211
1341845691.209644 -0.019960413 0.042278979 -0.063224778 0.017425179 -0.050802600 -0.007242768 0.998530388
1341845691.241757 -0.021500926 0.041007597 -0.063122317 0.017095542 -0.049115963 -0.007522805 0.998618424
1341845691.277595 -0.026162922 0.037023906 -0.066151097 0.017411763 -0.048587129 -0.006612992 0.998645246
1341845691.310138 -0.024907129 0.042339597 -0.067579627 0.018531637 -0.050684221 -0.007860675 0.998511851
1341845691.345620 -0.015819965 0.042530473 -0.064742438 0.018602379 -0.051333573 -0.008779747 0.998469710
1341845691.378062 -0.019956134 0.041585613 -0.066859871 0.018998086 -0.048589010 -0.010149504 0.998586595
1341845691.451922 -0.019545253 0.046621606 -0.069226965 0.019994786 -0.048249654 -0.011359999 0.998570561
1341845691.509739 -0.020482901 0.040098861 -0.067585990 0.018308207 -0.046627179 -0.011147649 0.998682380
1341845691.545833 -0.018493444 0.044387419 -0.069199406 0.019147892 -0.047346145 -0.012831101 0.998612583
1341845691.578399 -0.015203042 0.045329127 -0.068098076 0.018336467 -0.046448112 -0.015374578 0.998634040
1341845691.613857 -0.009966447 0.039689992 -0.071487240 0.017594688 -0.044178825 -0.019490279 0.998678505
1341845691.645632 -0.013579994 0.039092194 -0.066204287 0.018877950 -0.040754698 -0.021910733 0.998750508
1341845691.677793 -0.018556638 0.040175393 -0.068068087 0.019792050 -0.040024951 -0.019415101 0.998813927
1341845691.713727 -0.018530492 0.041934229 -0.066532746 0.020388616 -0.041652709 -0.016924333 0.998780727
1341845691.746050 -0.013360488 0.044633977 -0.065792195 0.021395708 -0.042357802 -0.018858504 0.998695314
1341845691.778411 -0.011153033 0.051516611 -0.068850711 0.021283953 -0.040023927 -0.020079726 0.998770177
1341845691.813646 -0.010087657 0.045293801 -0.063770644 0.018889096 -0.039447460 -0.017683916 0.998886585
1341845691.845603 -0.014911797 0.041543629 -0.065779336 0.018497547 -0.039636895 -0.017268822 0.998893619
1341845691.881595 -0.011301190 0.044633392 -0.064579375 0.019253189 -0.041110400 -0.018945852 0.998789430
1341845691.913600 -0.012337862 0.045242436 -0.064863622 0.019371511 -0.039772514 -0.018593444 0.998847902
1341845691.945997 -0.018511485 0.038912907 -0.067319006 0.018949356 -0.039483111 -0.016343715 0.998906851
1341845691.981657 -0.019357720 0.038888231 -0.067322843 0.020985268 -0.044269256 -0.013424209 0.998708963
1341845692.013904 -0.007844144 0.042570285 -0.063754439 0.023466352 -0.050009415 -0.011061320 0.998411715
1341845692.049676 -0.010197287 0.045019709 -0.065873809 0.024238570 -0.050024845 -0.010828932 0.998395085
1341845692.081862 -0.010383788 0.042757880 -0.065257199 0.024481617 -0.050904796 -0.010093510 0.998352349
1341845692.113695 -0.006016064 0.044616345 -0.067218356 0.025317278 -0.052708808 -0.010880940 0.998229623
1341845692.149736 -0.000941713 0.046474557 -0.063975267 0.025385527 -0.052559510 -0.011737647 0.998226047
1341845692.182123 -0.003431579 0.040974841 -0.066229738 0.025522256 -0.051203791 -0.011209322 0.998299122
1341845692.213661 -0.003975419 0.041762363 -0.070727706 0.026416261 -0.051506024 -0.010326072 0.998269856
1341845692.249828 -0.002419792 0.044029374 -0.070429794 0.026687339 -0.051404092 -0.010728756 0.998263657
1341845692.282146 -0.003032382 0.042396866 -0.071357362 0.025859287 -0.050470956 -0.011690407 0.998322248
1341845692.317711 -0.005963317 0.038584583 -0.074108154 0.024997674 -0.050738543 -0.011535494 0.998332441
1341845692.349688 -0.000804463 0.038554464 -0.070284031 0.025597848 -0.052849464 -0.011702827 0.998205721
1341845692.381560 0.002735388 0.036571559 -0.070480853 0.026619298 -0.053382810 -0.012911698 0.998135746
1341845692.417776 0.002482908 0.039503939 -0.072318524 0.027975624 -0.052810136 -0.014057240 0.998113632
1341845692.449672 -0.000240541 0.035433941 -0.073020890 0.027954528 -0.052555900 -0.015288555 0.998109519
1341845692.481594 -0.001483005 0.037002463 -0.075133108 0.029248225 -0.052641928 -0.016022231 0.998056412
1341845692.517778 0.001107454 0.034604762 -0.074642174 0.030022433 -0.053369530 -0.016136836 0.997992933
1341845692.549744 0.004416202 0.036202177 -0.076854385 0.031656358 -0.053834628 -0.016318772 0.997914553
1341845692.585822 0.004003847 0.037308659 -0.077373371 0.032105945 -0.053893339 -0.017344577 0.997879684
1341845692.617836 0.005455621 0.033057280 -0.078702271 0.031899840 -0.053034522 -0.017309692 0.997932911
1341845692.649770 -0.004114299 0.033432599 -0.083517626 0.032631680 -0.051483672 -0.017042773 0.997995019
1341845692.685749 -0.001163319 0.033455033 -0.084923871 0.032859080 -0.052869372 -0.017110197 0.997913957
1341845692.717676 0.002701330 0.035098199 -0.083517753 0.033278052 -0.053309631 -0.017172720 0.997875631
1341845692.749897 -0.001210580 0.034615148 -0.083539411 0.033453643 -0.051256310 -0.016626211 0.997986555
1341845692.785833 -0.008367094 0.030028721 -0.087516405 0.033641994 -0.050935954 -0.017705752 0.997978091
1341845692.817657 0.001637183 0.033193544 -0.083707497 0.035419580 -0.053332359 -0.021401178 0.997718930
1341845692.853833 -0.002205031 0.034523144 -0.084741510 0.036537785 -0.051178940 -0.022222571 0.997773468
1341845692.885614 -0.005488833 0.030520029 -0.090476781 0.037399735 -0.050547861 -0.022568937 0.997765899
1341845692.917728 0.000153925 0.030698122 -0.090388924 0.038247764 -0.052229330 -0.023452453 0.997626781
1341845692.953573 0.004482743 0.030108521 -0.090677761 0.039000899 -0.052112855 -0.023987247 0.997590959
1341845692.985667 0.000288065 0.029282762 -0.093501665 0.039944302 -0.051048342 -0.023802685 0.997613132
1341845693.017585 -0.001406942 0.035855412 -0.092672914 0.040990457 -0.050918777 -0.024048211 0.997571409
1341845693.053684 0.002858489 0.033851404 -0.088300131 0.040763874 -0.051014911 -0.024108270 0.997574329
1341845693.086059 -0.004685963 0.033029269 -0.091103926 0.041486192 -0.049708009 -0.023612535 0.997622371
1341845693.121690 -0.006504735 0.032086957 -0.095740095 0.041342951 -0.050583370 -0.021607317 0.997629762
1341845693.153852 -0.004949349 0.035711251 -0.096358113 0.041111719 -0.051681772 -0.022690233 0.997559011
1341845693.185655 0.007419745 0.033936210 -0.091578446 0.040337987 -0.051832933 -0.023263693 0.997569561
1341845693.221687 -0.006349705 0.035009328 -0.093762890 0.040392116 -0.049295943 -0.020461787 0.997757316
1341845693.254518 -0.011501078 0.035455972 -0.093737572 0.040977012 -0.051769946 -0.018442286 0.997647524
1341845693.289735 0.006996070 0.038172618 -0.093761452 0.041571192 -0.054654863 -0.019812690 0.997442782
1341845693.321741 0.010407525 0.038791087 -0.091709286 0.041068327 -0.050193314 -0.019488957 0.997704446
1341845693.353715 0.004006419 0.034733444 -0.090939753 0.040673696 -0.046237364 -0.018268118 0.997934878
1341845693.421993 0.010611537 0.039802466 -0.087688603 0.042077705 -0.044321887 -0.019146413 0.997947097
1341845693.453700 0.003422307 0.033496000 -0.096943684 0.041036621 -0.041424397 -0.021277495 0.998071790
1341845693.489783 0.004577535 0.035892699 -0.088380367 0.042776525 -0.040172510 -0.021614339 0.998042643
1341845693.522084 -0.002040031 0.031145491 -0.091074787 0.043883231 -0.040034570 -0.021110170 0.998010933
1341845693.557666 0.000844003 0.034797426 -0.092031561 0.046234414 -0.041795410 -0.022004984 0.997813284
1341845693.589792 0.004015641 0.036005694 -0.091538027 0.047274455 -0.042672072 -0.023596240 0.997691035
1341845693.622158 0.005810312 0.037924360 -0.090071455 0.047500338 -0.041781340 -0.023662528 0.997716486
1341845693.689929 0.009189238 0.042562723 -0.088620141 0.047016636 -0.041257739 -0.022062780 0.997797787
1341845693.721602 0.012034728 0.043110318 -0.087632798 0.044707622 -0.040338524 -0.023219900 0.997915268
1341845693.757636 0.000189770 0.040977560 -0.093603320 0.042473387 -0.037448000 -0.023651600 0.998115361
1341845693.789776 -0.001786414 0.041156456 -0.092530049 0.041741658 -0.038063798 -0.022733971 0.998144269
1341845693.825637 0.004721687 0.042078625 -0.092255160 0.040265150 -0.039489247 -0.022546170 0.998153806
1341845693.857724 0.003308974 0.039071903 -0.087871455 0.039140411 -0.039383192 -0.021280771 0.998230457
1341845693.889741 0.003992903 0.041226953 -0.088281058 0.039871357 -0.039239902 -0.019939899 0.998234868
1341845693.925573 0.003569091 0.039688282 -0.088612407 0.039216723 -0.038894720 -0.019453861 0.998283923
1341845693.957722 0.003982102 0.039313719 -0.088952206 0.039833222 -0.038301278 -0.018624067 0.998298287
1341845693.990410 0.008462263 0.039399128 -0.087289378 0.040598970 -0.038217992 -0.018596133 0.998271167
1341845694.025740 0.009588434 0.039168347 -0.088074617 0.040944159 -0.036877170 -0.019639267 0.998287499
1341845694.057728 0.007292268 0.037131548 -0.085285001 0.041294806 -0.035723973 -0.019502351 0.998317719
1341845694.093631 0.006154621 0.034164663 -0.086715393 0.042422965 -0.035751946 -0.019369388 0.998271942
1341845694.125598 0.007934343 0.035326332 -0.086487688 0.044014681 -0.036286805 -0.019677266 0.998177767
1341845694.157890 0.007197799 0.036377389 -0.086286634 0.044703022 -0.035299659 -0.020061020 0.998174906
1341845694.193528 0.007543549 0.034588404 -0.088010736 0.045403209 -0.034941532 -0.019897683 0.998159170
1341845694.226254 0.008925862 0.034893963 -0.089173585 0.046756949 -0.035293479 -0.020398762 0.998074174
1341845694.261793 0.010125148 0.037780181 -0.088190615 0.047675390 -0.035084441 -0.018690167 0.998071551
1341845694.293655 0.004611359 0.035087883 -0.090938598 0.047791168 -0.034236424 -0.017700467 0.998113513
1341845694.325844 0.004061598 0.033286083 -0.090590216 0.048729919 -0.035841115 -0.015273351 0.998051882
1341845694.361761 0.003638382 0.036305867 -0.088011347 0.050744075 -0.038141657 -0.013376678 0.997893453
1341845694.393754 0.008196884 0.037312958 -0.091764726 0.051728193 -0.040521055 -0.013134846 0.997752309
1341845694.425809 0.005561619 0.038820524 -0.091594227 0.051868316 -0.041608937 -0.013364561 0.997697234
1341845694.461731 0.005476853 0.040791463 -0.092285939 0.051955536 -0.042755876 -0.013860104 0.997637451
1341845694.493931 0.010833527 0.041820228 -0.090847373 0.050684731 -0.043387663 -0.015220576 0.997655690
1341845694.529694 0.008441293 0.040619384 -0.090589121 0.049149010 -0.042698268 -0.015947808 0.997750938
1341845694.561652 0.005225734 0.035849709 -0.086877227 0.048418105 -0.043545142 -0.016166380 0.997746527
1341845694.595586 0.004742160 0.035758488 -0.092927076 0.049265146 -0.044715092 -0.015118605 0.997669756
1341845694.629850 0.006526494 0.034158822 -0.091960512 0.050244611 -0.046897806 -0.013951097 0.997537673
1341845694.661659 0.015409613 0.039741900 -0.089486070 0.052752603 -0.048739761 -0.012144600 0.997343540
1341845694.693720 0.030271078 0.044738352 -0.091540888 0.052984662 -0.046814181 -0.010732320 0.997439682
1341845694.735664 0.032565877 0.043800466 -0.090204723 0.050661042 -0.039847549 -0.009228085 0.997877955
1341845694.767988 0.025475444 0.045470715 -0.090162039 0.049169336 -0.033207256 -0.007907731 0.998206973
1341845694.803611 0.027070673 0.044209931 -0.088176906 0.047053456 -0.028322212 -0.006448057 0.998469949
1341845694.835585 0.020895800 0.040989425 -0.089523301 0.045768008 -0.023277061 -0.006490628 0.998659730
1341845694.867728 0.020701820 0.043277204 -0.089194730 0.045396976 -0.020528136 -0.005790580 0.998741269
1341845694.903566 0.022483170 0.045050390 -0.086308636 0.044016339 -0.018280692 -0.004597470 0.998852968
1341845694.935679 0.019657185 0.041167434 -0.085767977 0.043324389 -0.015899422 -0.004355073 0.998925030
1341845694.967669 0.020765681 0.042273760 -0.087027833 0.043827042 -0.014910022 -0.002696392 0.998924255
1341845695.003730 0.027075633 0.042371560 -0.082790077 0.044003293 -0.013807212 -0.001415582 0.998934925
1341845695.035689 0.027224069 0.044866469 -0.083432794 0.044505563 -0.010269560 -0.002177701 0.998953938
1341845695.072465 0.021851050 0.038518757 -0.083868824 0.043293390 -0.007960113 -0.000396738 0.999030590
1341845695.103895 0.020538606 0.040416617 -0.082280204 0.043987386 -0.009404866 0.000084874 0.998987794
1341845695.135680 0.019017903 0.032606181 -0.083714791 0.043803945 -0.012455686 0.000105039 0.998962462
1341845695.172193 0.010860960 0.030008717 -0.093852952 0.046336371 -0.017178282 0.000070559 0.998778164
1341845695.203618 0.013510979 0.031238284 -0.090169571 0.049143177 -0.025675943 0.001685812 0.998460233
1341845695.235612 0.011470464 0.033530507 -0.088716246 0.053720441 -0.032500617 0.001299566 0.998026133
1341845695.271738 0.017280910 0.037707571 -0.083916239 0.057104483 -0.038993482 0.000600104 0.997606218
1341845695.303569 0.018674424 0.040764149 -0.081256852 0.059114330 -0.043326229 -0.000591335 0.997310400
1341845695.335657 0.019143973 0.040589791 -0.083910666 0.059664950 -0.046572462 -0.003138611 0.997126460
1341845695.371706 0.016493989 0.039496481 -0.087203391 0.059767485 -0.049070511 -0.006346279 0.996985257
1341845695.403745 0.017148484 0.037579462 -0.084060736 0.059907600 -0.052195158 -0.008280753 0.996803999
1341845695.435657 0.017120715 0.033901889 -0.085145757 0.060761422 -0.055761747 -0.008371145 0.996558368
1341845695.471720 0.017417222 0.036683515 -0.089318231 0.062741563 -0.059969783 -0.008937891 0.996186316
1341845695.503710 0.015414386 0.037853543 -0.090919502 0.062594935 -0.062849678 -0.009243530 0.996015251
1341845695.539693 0.018192166 0.038089946 -0.090435326 0.062525585 -0.065704063 -0.010650044 0.995821297
1341845695.603908 0.018275755 0.038160078 -0.088251367 0.063228413 -0.068161942 -0.013953578 0.995570898
1341845695.665980 0.019083340 0.037047461 -0.087636679 0.062174574 -0.071268953 -0.015153737 0.995402157
1341845695.701693 0.017641097 0.037172459 -0.089247301 0.062362924 -0.072048463 -0.014875934 0.995338440
1341845695.733686 0.021238320 0.039119009 -0.086874411 0.062316138 -0.073523089 -0.013776355 0.995249331
1341845695.769679 0.021616464 0.040345732 -0.085371457 0.062048584 -0.073742457 -0.013244655 0.995257020
1341845695.801697 0.018731000 0.041515905 -0.090471461 0.060765550 -0.072760224 -0.013137032 0.995409906
1341845695.833635 0.018227767 0.038143996 -0.089881912 0.059367232 -0.072496586 -0.012430277 0.995522618
1341845695.869766 0.021465441 0.038265068 -0.087681785 0.059152767 -0.072724111 -0.011011097 0.995535493
1341845695.901827 0.018007968 0.041406434 -0.089860119 0.058447078 -0.071935982 -0.010542467 0.995639503
1341845695.933900 0.021329606 0.037586935 -0.090973295 0.056479599 -0.072456688 -0.009764067 0.995723248
1341845695.969774 0.022133326 0.040275641 -0.086947672 0.056136247 -0.071982861 -0.009213572 0.995782256
1341845696.001940 0.024233820 0.038906798 -0.086471424 0.055287927 -0.071394280 -0.008163560 0.995881259
1341845696.037778 0.021236539 0.039083257 -0.086164065 0.054368518 -0.070172608 -0.007028656 0.996027350
1341845696.069962 0.023058260 0.037276231 -0.084458992 0.053016108 -0.070779853 -0.004313548 0.996072710
1341845696.102048 0.019214904 0.035931930 -0.087376237 0.052801326 -0.070838705 -0.003467521 0.996083260
1341845696.137759 0.023886655 0.041673813 -0.085112132 0.053225953 -0.071977556 -0.002898370 0.995980799
1341845696.169934 0.019282596 0.039374411 -0.086069897 0.052073639 -0.071636312 -0.003045992 0.996065915
1341845696.201602 0.022005010 0.042019311 -0.086659662 0.051672224 -0.072095618 -0.004064463 0.996050000
1341845696.237582 0.017028430 0.041792933 -0.089048721 0.049899980 -0.071107209 -0.005590971 0.996204019
1341845696.269654 0.018005647 0.039758444 -0.088125966 0.048250403 -0.072085835 -0.005364361 0.996216238
1341845696.305713 0.020533355 0.037451368 -0.087362424 0.047547981 -0.073359676 -0.004876601 0.996159494
1341845696.337790 0.018292192 0.037615921 -0.087952629 0.047197055 -0.073474221 -0.003884819 0.996172071
1341845696.369780 0.020128436 0.042221930 -0.087768212 0.047649506 -0.074413277 -0.003083592 0.996083677
1341845696.406019 0.021516785 0.043781471 -0.085272498 0.046552770 -0.075165316 -0.003294970 0.996078372
1341845696.437910 0.022240167 0.042454615 -0.086884774 0.044556312 -0.075296380 -0.003104229 0.996160388
1341845696.473667 0.023129608 0.043271624 -0.086518571 0.043445289 -0.074656032 -0.003386309 0.996256769
1341845696.505801 0.020645158 0.041152168 -0.087270312 0.041392971 -0.073528677 -0.002954638 0.996429324
1341845696.537879 0.018400561 0.040739629 -0.085890144 0.040601183 -0.073156424 -0.002061509 0.996491551
1341845696.573790 0.017663073 0.042244062 -0.085137695 0.040630709 -0.073884413 -0.001307547 0.996437907
1341845696.611644 0.018264750 0.042776175 -0.089060366 0.040483858 -0.074680887 -0.001615895 0.996384084
1341845696.648592 0.021741737 0.042593583 -0.088908054 0.039776973 -0.075673290 -0.000698915 0.996338725
1341845696.705640 0.025498210 0.044646494 -0.087072693 0.037738651 -0.075173765 -0.000503976 0.996455908
1341845696.741801 0.026045231 0.043522961 -0.085229367 0.037036430 -0.074153624 -0.000322500 0.996558785
1341845696.773765 0.023610882 0.043315902 -0.085572310 0.036727957 -0.072769292 0.000379381 0.996672213
1341845696.805698 0.026592596 0.044877894 -0.084100410 0.035535391 -0.073013082 0.001791558 0.996696115
1341845696.841908 0.027631892 0.046294145 -0.079489022 0.035452213 -0.073042892 0.002345768 0.996695697
1341845696.873637 0.027564311 0.047684848 -0.081769936 0.034892630 -0.071623787 0.003067953 0.996816456
1341845696.905693 0.026087055 0.046931390 -0.080979392 0.033472221 -0.070680052 0.003004659 0.996932745
1341845696.941841 0.030022776 0.048545398 -0.080188535 0.032282859 -0.070454612 0.004498250 0.996982276
1341845696.973560 0.028025135 0.045523427 -0.080681056 0.031040637 -0.069836617 0.006674893 0.997053027
1341845697.009723 0.031132633 0.047700144 -0.082692549 0.030399749 -0.069955923 0.007099074 0.997061491
1341845697.041678 0.032342240 0.044446591 -0.081069581 0.028737912 -0.068831824 0.006678741 0.997191906
1341845697.073636 0.029898550 0.041830137 -0.079752758 0.028602326 -0.067261308 0.005907796 0.997307837
1341845697.109770 0.031998940 0.045652509 -0.079948686 0.029487647 -0.067106262 0.005459667 0.997295022
1341845697.141787 0.032020334 0.046493709 -0.080379382 0.028811084 -0.066717602 0.005468204 0.997340858
1341845697.173791 0.032847993 0.043911748 -0.080283262 0.028552560 -0.066600777 0.006012085 0.997352958
1341845697.209803 0.032869343 0.048152141 -0.080392808 0.029512232 -0.066383198 0.006436378 0.997336864
1341845697.241685 0.032282542 0.047226887 -0.083032571 0.028846178 -0.065697208 0.006320905 0.997402549
1341845697.277780 0.033867709 0.045161918 -0.081848122 0.028043121 -0.065673172 0.006838365 0.997423589
1341845697.309575 0.030572098 0.047249574 -0.081216782 0.028364632 -0.065509833 0.006989712 0.997424185
1341845697.342252 0.029424094 0.048647173 -0.077885643 0.028306615 -0.065821581 0.007385738 0.997402489
1341845697.377604 0.029103942 0.046284866 -0.078736693 0.028318584 -0.065776385 0.006777649 0.997409463
1341845697.409528 0.031666927 0.050209507 -0.078133620 0.028786918 -0.065781102 0.006061592 0.997400343
1341845697.441666 0.028865667 0.045622263 -0.075498119 0.028106906 -0.065230422 0.005886018 0.997456908
1341845697.477718 0.028878141 0.047880016 -0.077327333 0.029513851 -0.065344729 0.006027170 0.997407973
1341845697.509822 0.031167610 0.049408030 -0.077350244 0.029717378 -0.065630510 0.005497433 0.997386217
1341845697.545892 0.029956715 0.046653435 -0.080256805 0.029120497 -0.065815903 0.006259675 0.997387111
1341845697.577742 0.032123689 0.046148948 -0.078575112 0.029755821 -0.067035682 0.006209861 0.997287452
1341845697.609653 0.032384366 0.049498815 -0.076781027 0.030226680 -0.067716211 0.007050992 0.997221708
1341845697.645769 0.035614334 0.052626867 -0.076462090 0.030289371 -0.068629839 0.007869336 0.997151256
1341845697.677795 0.037434846 0.052096784 -0.073391497 0.030091753 -0.068922631 0.007275366 0.997141480
1341845697.713520 0.034918349 0.051088147 -0.075634748 0.029207001 -0.068185888 0.007451222 0.997217178
1341845697.745975 0.034289088 0.048121132 -0.076373480 0.028306620 -0.068302318 0.008261037 0.997228801
1341845697.777683 0.034305304 0.052119367 -0.077441789 0.028701020 -0.068777546 0.008484570 0.997182965
1341845697.813673 0.036429528 0.053733733 -0.074869961 0.028289702 -0.069045782 0.008223197 0.997178376
1341845697.845793 0.032933488 0.053438552 -0.076385200 0.026849356 -0.067891821 0.007818375 0.997300684
1341845697.877887 0.032198705 0.050708860 -0.075761169 0.025386352 -0.067947701 0.008003823 0.997333705
1341845697.913637 0.034209196 0.049717307 -0.075767167 0.025022101 -0.068505168 0.007584459 0.997308075
1341845697.945734 0.033349916 0.052260499 -0.075707510 0.024923448 -0.068263948 0.006464372 0.997334957
1341845697.981763 0.032781836 0.051927198 -0.074221358 0.024526414 -0.068141498 0.006259289 0.997354507
1341845698.013639 0.034636468 0.050265785 -0.072752863 0.024474902 -0.068329185 0.006350950 0.997342348
1341845698.045700 0.030860597 0.049985074 -0.076503158 0.024709569 -0.067576744 0.005406792 0.997393429
1341845698.081804 0.030917853 0.048841108 -0.077407628 0.024356859 -0.068270124 0.005688346 0.997353256
1341845698.113733 0.036014706 0.051538121 -0.072596461 0.024961412 -0.069774352 0.005740860 0.997233927
1341845698.145605 0.035223179 0.053126421 -0.073692530 0.025644628 -0.069756962 0.005289047 0.997220278
1341845698.181637 0.036668904 0.052509390 -0.074186012 0.025498722 -0.070030354 0.005033344 0.997206211
1341845698.213981 0.033904552 0.049449015 -0.074571453 0.025346154 -0.070391543 0.004832522 0.997185647
1341845698.249641 0.034516614 0.052928407 -0.073748469 0.026411373 -0.071574263 0.004589812 0.997074962
1341845698.281737 0.035923369 0.054715008 -0.076018363 0.025473522 -0.072031118 0.004012320 0.997068942
1341845698.313940 0.035763115 0.051552925 -0.073676802 0.024863234 -0.072221063 0.003183440 0.997073650
1341845698.349629 0.037312146 0.053552479 -0.072338112 0.025450643 -0.072537884 0.002618971 0.997037470
1341845698.381667 0.034635648 0.052381895 -0.072900124 0.025289223 -0.072699308 0.002642606 0.997029722
1341845698.413724 0.036203153 0.052711733 -0.072460651 0.025668839 -0.074249774 0.003230146 0.996904016
1341845698.449543 0.036146715 0.053768031 -0.073120944 0.026144186 -0.075768940 0.004318545 0.996773243
1341845698.481693 0.036462355 0.054597743 -0.073472932 0.026187485 -0.076994143 0.003907937 0.996679902
1341845698.517644 0.038262900 0.053618029 -0.075230427 0.026224256 -0.077766851 0.003108218 0.996621788
1341845698.549633 0.037058946 0.052571502 -0.072917417 0.026753612 -0.078382537 0.001809019 0.996562660
1341845698.581773 0.037599973 0.055503905 -0.074880742 0.027986573 -0.078877971 0.000205995 0.996491313
1341845698.617608 0.037654731 0.054866016 -0.074303925 0.028103424 -0.079226330 -0.000450775 0.996460319
1341845698.649887 0.036975209 0.051586539 -0.073054612 0.028126016 -0.079467349 -0.000596038 0.996440411
1341845698.685838 0.041136235 0.056403041 -0.072355621 0.029954338 -0.080511861 -0.000775337 0.996303141
1341845698.717744 0.040343486 0.056907684 -0.073112831 0.029520806 -0.080134019 -0.001121106 0.996346235
1341845698.749680 0.041353732 0.054459926 -0.074263684 0.028619325 -0.079925701 -0.000237796 0.996389866
1341845698.785826 0.039660648 0.056004163 -0.073240869 0.028822878 -0.079640716 0.000228477 0.996406794
1341845698.817603 0.040510517 0.056017958 -0.075008936 0.028151732 -0.079608373 -0.000095207 0.996428609
1341845698.849705 0.038695343 0.055484422 -0.074090831 0.027145203 -0.079246812 -0.000636390 0.996485174
1341845698.885714 0.039584704 0.055547509 -0.073996127 0.026946334 -0.079430044 -0.000772331 0.996475875
1341845698.917723 0.042203128 0.055422228 -0.073592842 0.026034357 -0.079737991 -0.000789105 0.996475518
1341845698.953706 0.042122990 0.056391809 -0.072056457 0.025664443 -0.079317272 -0.001154193 0.996518314
1341845698.985694 0.039726689 0.055565182 -0.074112155 0.024928220 -0.078650996 -0.000852628 0.996590137
1341845699.017571 0.036179993 0.056857195 -0.075280190 0.024303259 -0.078617945 -0.000444467 0.996608436
1341845699.053593 0.037080653 0.057641938 -0.075449243 0.023041831 -0.078940175 -0.000141438 0.996613026
1341845699.086340 0.037466720 0.057413936 -0.075045124 0.021164754 -0.078760222 -0.000509639 0.996668756
1341845699.117688 0.036752187 0.058352519 -0.075076289 0.019600011 -0.078440979 -0.001190951 0.996725380
1341845699.153695 0.038830169 0.057671096 -0.072598472 0.018092863 -0.078644805 -0.001052106 0.996737957
1341845699.185845 0.038188759 0.058038328 -0.072978117 0.016998369 -0.077984318 -0.001837368 0.996807992
1341845699.221973 0.038246959 0.057857547 -0.073457457 0.015832786 -0.077508144 -0.001407910 0.996864974
1341845699.253571 0.036549859 0.054982066 -0.071947105 0.015265225 -0.077962786 -0.001182578 0.996838689
1341845699.285622 0.035846062 0.055898417 -0.071956463 0.016609928 -0.079047993 -0.000528148 0.996732295
1341845699.321906 0.039913625 0.057907514 -0.072812557 0.017351732 -0.080651090 0.000629431 0.996591151
1341845699.354916 0.041736946 0.056971561 -0.073241659 0.017186375 -0.081574686 0.001125206 0.996518433
1341845699.385859 0.042796705 0.056162495 -0.074280582 0.017320788 -0.081743814 0.000775959 0.996502578
1341845699.421535 0.041812502 0.057343330 -0.072932526 0.018299192 -0.081221707 -0.000467347 0.996527970
1341845699.454093 0.043036468 0.058394317 -0.073040143 0.018191719 -0.080558904 -0.001645934 0.996582448
1341845699.489836 0.040272169 0.056322753 -0.072382644 0.017519066 -0.079459250 -0.001906800 0.996682346
1341845699.522001 0.039782636 0.054751359 -0.071831726 0.017603738 -0.080137141 -0.000852750 0.996628046
1341845699.556281 0.040667795 0.054491512 -0.072925396 0.018340847 -0.080543540 -0.000273307 0.996582329
1341845699.595416 0.043483738 0.056099843 -0.071519703 0.018939815 -0.080674514 -0.000293422 0.996560514
1341845699.628631 0.044591289 0.057075739 -0.071730845 0.018810663 -0.079715915 -0.000744928 0.996639848
1341845699.663810 0.044952087 0.054260127 -0.070953280 0.018345963 -0.078969218 -0.000037069 0.996708214
1341845699.696113 0.042323161 0.055257574 -0.072457716 0.019266412 -0.078203909 0.001187457 0.996750474
1341845699.727683 0.042230558 0.059304245 -0.075671069 0.018432392 -0.077835463 0.000704404 0.996795535
1341845699.789808 0.042753924 0.058148053 -0.072106995 0.016886497 -0.076875761 -0.000289897 0.996897638
1341845699.821737 0.043389753 0.055091873 -0.074858367 0.016258268 -0.076251887 -0.000099222 0.996956050
1341845699.857825 0.042627908 0.057507042 -0.075556941 0.016393432 -0.076365620 0.000286797 0.996945083
1341845699.889686 0.044206616 0.057091296 -0.073917098 0.016569575 -0.076951161 0.000209907 0.996897161
1341845699.925749 0.046485703 0.055224415 -0.072690934 0.016640509 -0.076768853 0.000069401 0.996910036
1341845699.957536 0.045660716 0.054326735 -0.071067408 0.017132735 -0.076439045 0.000763318 0.996926785
1341845699.989671 0.045768756 0.052025177 -0.071124084 0.017787172 -0.076785155 0.002102043 0.996886790
1341845700.025810 0.047946546 0.055577613 -0.069836825 0.019426730 -0.077169880 0.002002922 0.996826708
1341845700.058133 0.050206423 0.054120116 -0.069555685 0.019749312 -0.077170447 0.001041535 0.996821761
1341845700.090754 0.049438883 0.056104194 -0.070298649 0.020343399 -0.076462001 0.000436293 0.996864855
1341845700.125852 0.050574552 0.054714262 -0.069229402 0.020242518 -0.076734990 0.000389044 0.996845901
1341845700.157773 0.051622454 0.055171955 -0.067969188 0.020938534 -0.077018887 -0.000112060 0.996809721
1341845700.193533 0.050770752 0.058806121 -0.069649376 0.021930555 -0.075956382 -0.000947969 0.996869504
1341845700.225771 0.051284455 0.055873912 -0.067692846 0.021333888 -0.075435050 -0.000712042 0.996922195
1341845700.257669 0.050346624 0.057014909 -0.069469608 0.021787696 -0.074770674 -0.000244246 0.996962667
1341845700.293641 0.051216088 0.055068064 -0.070920452 0.021322263 -0.074580893 0.001232741 0.996986210
1341845700.325714 0.051067751 0.054559987 -0.070861183 0.021466354 -0.074530728 0.001419920 0.996986628
1341845700.357742 0.052227985 0.056908347 -0.070248611 0.021845527 -0.074091256 0.001003938 0.997011662
1341845700.393681 0.051358547 0.057656709 -0.069813080 0.021462152 -0.073004030 0.000198799 0.997100651
1341845700.425997 0.053246871 0.058494207 -0.067380659 0.021429770 -0.073027670 -0.000203326 0.997099638
1341845700.461682 0.052391522 0.057457447 -0.067959212 0.021100547 -0.072749406 -0.000802841 0.997126698
1341845700.493808 0.052028798 0.060358193 -0.068002641 0.021558259 -0.072486885 -0.001241886 0.997135580
1341845700.526106 0.054425467 0.058608226 -0.066381484 0.020817090 -0.072833546 -0.000940566 0.997126400
1341845700.562458 0.053470120 0.059002105 -0.066548824 0.020562952 -0.072409019 -0.000429553 0.997162938
1341845700.626137 0.053003438 0.058292922 -0.069645010 0.020108473 -0.072416469 -0.000477652 0.997171640
1341845700.661872 0.051620677 0.059742738 -0.068713546 0.020005943 -0.071490310 -0.001710790 0.997239172
1341845700.693861 0.051301993 0.056323599 -0.068813287 0.018763380 -0.070971705 -0.001915900 0.997299969
1341845700.732394 0.050700787 0.055652738 -0.067809761 0.018803494 -0.071665935 -0.000290232 0.997251391
1341845700.767794 0.052012097 0.059388876 -0.066652261 0.019986531 -0.072187208 -0.000256324 0.997190773
1341845700.799058 0.053455930 0.056625724 -0.067160629 0.019782178 -0.071909785 -0.000775506 0.997214675
1341845700.867749 0.054563619 0.059440292 -0.063931443 0.020304989 -0.071894176 -0.001198006 0.997204840
1341845700.930007 0.052698474 0.059621174 -0.062771350 0.021566445 -0.072433181 -0.000965262 0.997139633
1341845700.961797 0.056025337 0.059014425 -0.064847872 0.021325098 -0.072688095 -0.001544027 0.997125506
1341845700.997752 0.052646089 0.057077214 -0.065340005 0.020730592 -0.072133340 -0.001940950 0.997177660
1341845701.029597 0.053756326 0.058921210 -0.063672125 0.021295059 -0.072984740 -0.002238211 0.997103155
1341845701.061618 0.052799061 0.057446923 -0.066170849 0.021289144 -0.073019177 -0.002304293 0.997100592
1341845701.097561 0.051180013 0.058833595 -0.066870533 0.021792194 -0.072891124 -0.002670215 0.997098207
1341845701.129741 0.052029673 0.058458585 -0.068123311 0.021745918 -0.072596855 -0.002326978 0.997121572
1341845701.165734 0.048808113 0.057917602 -0.068405852 0.021475593 -0.072058558 -0.002315143 0.997166514
1341845701.197714 0.051952131 0.056853518 -0.066888988 0.021796511 -0.073039867 -0.001787245 0.997089207
1341845701.230497 0.053517297 0.057668947 -0.067761071 0.022181140 -0.073545270 -0.001948028 0.997043312
1341845701.265852 0.055650532 0.056329019 -0.065982997 0.022270892 -0.074356399 -0.001925475 0.996981204
1341845701.297730 0.056060437 0.054900158 -0.068481006 0.022919530 -0.075183205 -0.002138239 0.996904016
1341845701.329611 0.055339865 0.057643697 -0.067535780 0.023242548 -0.074732296 -0.003035117 0.996928096
1341845701.365791 0.054598771 0.056757726 -0.065220356 0.022651426 -0.074452661 -0.003293377 0.996961832
1341845701.397757 0.053455867 0.059132088 -0.064384490 0.022708941 -0.074102536 -0.003526587 0.996985793
1341845701.433542 0.052137870 0.057591766 -0.063827015 0.022173300 -0.073505454 -0.003161974 0.997043312
1341845701.465617 0.049899410 0.059366185 -0.065466717 0.022730391 -0.073120862 -0.002263405 0.997061491
1341845701.497704 0.050947506 0.059515644 -0.065555200 0.022358982 -0.073447384 -0.001294239 0.997047603
1341845701.533597 0.050868183 0.060329314 -0.065208271 0.022288550 -0.073421560 -0.001739239 0.997050405
1341845701.597762 0.054907646 0.059641812 -0.069163740 0.021916401 -0.073121943 -0.002332941 0.997079432
1341845701.633825 0.056678779 0.056609701 -0.069668643 0.021988146 -0.073661327 -0.002252244 0.997038364
1341845701.665709 0.060322076 0.057402227 -0.068734556 0.022787107 -0.074166641 -0.002138496 0.996983171
1341845701.701676 0.061488453 0.057288770 -0.067802243 0.023410767 -0.073939838 -0.001996792 0.996985853
1341845701.733527 0.060574040 0.058960568 -0.065635905 0.024294008 -0.073903978 -0.002380734 0.996966600
1341845701.765764 0.060936790 0.057121500 -0.065476149 0.023913596 -0.073868528 -0.002683840 0.996977627
1341845701.801701 0.057760265 0.058374304 -0.064444982 0.024219627 -0.073088460 -0.002918036 0.997027099
1341845701.833700 0.058315869 0.055129986 -0.062834285 0.023753271 -0.073172249 -0.002217675 0.997033954
1341845701.865775 0.057088159 0.057469483 -0.065867081 0.024568431 -0.072918676 -0.002379783 0.997032404
1341845701.901711 0.058601230 0.060043931 -0.066264860 0.024726903 -0.072801314 -0.002306581 0.997037232
1341845701.933585 0.058700092 0.059238777 -0.068159521 0.024276482 -0.072439224 -0.002517369 0.997074187
1341845701.969726 0.059528280 0.058431003 -0.067805432 0.023841007 -0.072643071 -0.002769141 0.997069180
1341845702.002544 0.059941385 0.061360806 -0.065663762 0.024470259 -0.072665930 -0.002705163 0.997052431
1341845702.034379 0.060426142 0.060343247 -0.064817198 0.024543710 -0.072571181 -0.002912209 0.997056961
1341845702.101809 0.060549684 0.059766721 -0.063425049 0.024864422 -0.072928816 -0.003573020 0.997020781
1341845702.137663 0.059187390 0.059808027 -0.062126897 0.025107147 -0.073164932 -0.003806829 0.996996522
1341845702.169629 0.058228932 0.059147384 -0.061877605 0.025558682 -0.073198795 -0.004309000 0.996980488
1341845702.201769 0.061629657 0.062862687 -0.061983053 0.026507819 -0.073262841 -0.004927928 0.996948123
1341845702.237691 0.058532029 0.058691930 -0.062497392 0.025870008 -0.072378665 -0.005366627 0.997027218
1341845702.269760 0.056856681 0.059131950 -0.063092858 0.026145706 -0.072210096 -0.005422132 0.997031927
1341845702.301761 0.056664731 0.060548194 -0.062854037 0.026631512 -0.071757942 -0.006202288 0.997047186
1341845702.337713 0.055070255 0.060759708 -0.064491406 0.026191015 -0.070997320 -0.006402057 0.997112036
1341845702.369720 0.053286370 0.058848582 -0.064422451 0.025679069 -0.071109012 -0.005593515 0.997122288
1341845702.405655 0.057073046 0.058311120 -0.063941829 0.025553415 -0.071719915 -0.005417536 0.997082710
1341845702.469691 0.056717157 0.058998466 -0.061914340 0.025905460 -0.070816100 -0.005374198 0.997138441
1341845702.506265 0.054874495 0.057493396 -0.062957704 0.025744908 -0.070482090 -0.005426910 0.997165978
1341845702.569753 0.060294248 0.053371225 -0.062522717 0.024892429 -0.071681887 -0.003392806 0.997111082
1341845702.605685 0.061276756 0.056221273 -0.063355237 0.024883926 -0.071917847 -0.003761629 0.997093022
1341845702.637718 0.058046017 0.055196635 -0.062194135 0.024316635 -0.071456067 -0.004317819 0.997137964
1341845702.673733 0.058801446 0.054195203 -0.062797166 0.024052391 -0.071263440 -0.004862400 0.997155666
1341845702.705735 0.058430839 0.055254247 -0.065246202 0.023556756 -0.070644818 -0.005192848 0.997209847
1341845702.737648 0.057702970 0.060458682 -0.066971377 0.023573220 -0.069551200 -0.006498626 0.997278631
1341845702.773644 0.054925505 0.061667196 -0.068902798 0.021871233 -0.068520941 -0.007689700 0.997380257
1341845702.805893 0.056554250 0.054063998 -0.067960501 0.019555867 -0.068320580 -0.008599794 0.997434676
1341845702.837969 0.057176568 0.059929404 -0.070930988 0.019162633 -0.067483872 -0.009102987 0.997494817
1341845702.874009 0.056837168 0.057294678 -0.065712020 0.016982451 -0.066839494 -0.009130103 0.997577429
1341845702.908704 0.059492741 0.055737577 -0.063218199 0.016356450 -0.067075491 -0.008823894 0.997574806
1341845702.941673 0.055702381 0.051721241 -0.061087765 0.016620962 -0.067000955 -0.007927011 0.997582972
1341845702.973595 0.053431202 0.056350034 -0.063165009 0.019457271 -0.067777798 -0.005684764 0.997494459
1341845703.005769 0.054771911 0.053534426 -0.064526029 0.020676523 -0.069292262 -0.004609117 0.997371435
1341845703.041648 0.055495121 0.054028530 -0.065540463 0.022028761 -0.070183262 -0.004946901 0.997278571
1341845703.073714 0.060888469 0.059128914 -0.067389935 0.021798847 -0.070617691 -0.005954429 0.997247458
1341845703.109699 0.058530707 0.056296159 -0.065148696 0.019218743 -0.068589546 -0.008308296 0.997425258
1341845703.142006 0.057253242 0.057721216 -0.066338867 0.018164305 -0.066933818 -0.009231891 0.997549355
1341845703.173706 0.054909583 0.053736888 -0.066737361 0.016166868 -0.066099472 -0.009957264 0.997632384
1341845703.209732 0.053281069 0.053580705 -0.065441787 0.016052719 -0.065940686 -0.009892252 0.997645378
1341845703.242050 0.055255633 0.051662333 -0.063896991 0.016785847 -0.066650383 -0.009310048 0.997591734
1341845703.273874 0.054115478 0.050705772 -0.066378079 0.017358357 -0.067004003 -0.008740507 0.997563422
1341845703.309758 0.053446021 0.052342452 -0.065066136 0.018492727 -0.067826547 -0.007789915 0.997495294
1341845703.341850 0.056066208 0.055267930 -0.063160487 0.019550024 -0.068344131 -0.007773742 0.997439981
1341845703.377702 0.057755291 0.052759051 -0.066265181 0.019682813 -0.067822576 -0.008065881 0.997470617
1341845703.409585 0.055520568 0.054727100 -0.069234535 0.020299494 -0.067265816 -0.008436702 0.997492909
1341845703.441629 0.054974571 0.056227267 -0.068177469 0.020408291 -0.067385979 -0.009171350 0.997476101
1341845703.477741 0.054632004 0.053899974 -0.066903815 0.019937186 -0.067420252 -0.009812105 0.997477174
1341845703.509995 0.055945501 0.053486824 -0.066549636 0.020296348 -0.067483529 -0.010124099 0.997462571
1341845703.541800 0.055414084 0.054876398 -0.065519452 0.021248611 -0.067392625 -0.010542287 0.997444510
1341845703.577765 0.055422846 0.054124519 -0.065462649 0.021184189 -0.067603566 -0.011288965 0.997423470
1341845703.609650 0.058491096 0.056569546 -0.065524027 0.021961765 -0.068303548 -0.011102076 0.997361064
1341845703.651761 0.057988092 0.052723460 -0.067432426 0.021642258 -0.068474911 -0.011262885 0.997354448
1341845703.709916 0.059648491 0.056612585 -0.065321796 0.022254458 -0.070093207 -0.010436269 0.997237563
1341845703.745719 0.057968356 0.056693573 -0.066479437 0.021083694 -0.069333732 -0.011722709 0.997301817
1341845703.777733 0.060731720 0.058177471 -0.063668057 0.020088941 -0.068779089 -0.012073971 0.997356534
1341845703.809711 0.057271007 0.054111224 -0.064108700 0.019104494 -0.067783467 -0.011935252 0.997445762
1341845703.845769 0.058872372 0.053043593 -0.065302588 0.018946996 -0.068134792 -0.011962951 0.997424483
1341845703.877728 0.060497012 0.055305324 -0.064276062 0.019234698 -0.068376519 -0.011962380 0.997402430
1341845703.913808 0.057742067 0.053958669 -0.063535929 0.018443219 -0.067824297 -0.011672569 0.997458518
1341845703.945653 0.058724329 0.050727140 -0.064510427 0.018183306 -0.067547038 -0.012418596 0.997473061
1341845703.977870 0.057505019 0.052649111 -0.065114863 0.018964615 -0.067034729 -0.012710982 0.997489393
1341845704.013637 0.055144999 0.050443932 -0.065203793 0.019426810 -0.066819131 -0.012568741 0.997496784
1341845704.045703 0.056523580 0.051941309 -0.065355718 0.020604072 -0.067451179 -0.011421205 0.997444391
1341845704.077666 0.060206082 0.053071313 -0.062509388 0.021271894 -0.068301462 -0.010623875 0.997381330
1341845704.113706 0.060573440 0.055082496 -0.063675717 0.021638438 -0.067992434 -0.010995513 0.997390568
1341845704.145681 0.060910922 0.054769255 -0.063703641 0.021101290 -0.067633845 -0.011450383 0.997421324
1341845704.181785 0.060166527 0.054113410 -0.063744731 0.020675253 -0.067141533 -0.011941558 0.997457743
1341845704.213778 0.059504967 0.053801470 -0.062605269 0.020428484 -0.067024156 -0.011677548 0.997473836
1341845704.245863 0.060488269 0.054495055 -0.063017398 0.020570137 -0.066980436 -0.011684804 0.997473776
1341845704.281578 0.061651334 0.058532897 -0.061850969 0.020798644 -0.066987254 -0.010577773 0.997480929
1341845704.313707 0.062481552 0.057677254 -0.063612677 0.019949889 -0.066428326 -0.010924879 0.997531950
1341845704.349873 0.062815867 0.059297122 -0.063458778 0.019575994 -0.065038815 -0.011063254 0.997629344
1341845704.381729 0.063529961 0.056636248 -0.061141197 0.018382991 -0.063467719 -0.011351484 0.997749984
1341845704.413817 0.063801698 0.055849548 -0.061400186 0.018366901 -0.062002178 -0.011295873 0.997843087
1341845704.449837 0.062295336 0.057876710 -0.064286999 0.018501364 -0.060142554 -0.011511421 0.997951925
1341845704.481600 0.059815798 0.057128247 -0.063362166 0.017255381 -0.058084615 -0.012110241 0.998089075
1341845704.513671 0.058253180 0.046912342 -0.060568839 0.016827645 -0.057613626 -0.011280401 0.998133361
1341845704.549869 0.055118795 0.044759527 -0.065524407 0.020932619 -0.057929166 -0.008743536 0.998062909
1341845704.581901 0.052666299 0.048701718 -0.062232386 0.025652591 -0.059745073 -0.007014768 0.997859359
1341845704.617838 0.054787979 0.055355713 -0.060931366 0.028484050 -0.060915817 -0.007535122 0.997707963
1341845704.650477 0.055032678 0.055081405 -0.060711142 0.028891832 -0.060842525 -0.008918906 0.997689247
1341845704.681708 0.053242169 0.049792942 -0.061978806 0.029124456 -0.061202962 -0.009494476 0.997655153
1341845704.717704 0.052028462 0.050850801 -0.062993519 0.030540444 -0.062142704 -0.009693542 0.997552812
1341845704.749702 0.057427213 0.055467065 -0.063888267 0.031551998 -0.063284904 -0.010808635 0.997438073
1341845704.781791 0.056156505 0.055486504 -0.065311074 0.030577319 -0.062501512 -0.012711439 0.997495353
1341845704.817744 0.049664862 0.049582701 -0.062883712 0.030303026 -0.062249266 -0.013732615 0.997505963
1341845704.849705 0.050784692 0.051631570 -0.064586595 0.032107007 -0.064229310 -0.013710425 0.997324288
1341845704.885675 0.051843856 0.054926217 -0.065780170 0.032778990 -0.065280735 -0.014175333 0.997227669
1341845704.917742 0.053308550 0.056254566 -0.068109199 0.032452218 -0.065963238 -0.014536046 0.997188270
1341845704.949746 0.053715631 0.054343309 -0.069816120 0.031529851 -0.066475078 -0.015764235 0.997165203
1341845704.985761 0.053473614 0.057087999 -0.066306002 0.031060664 -0.066930689 -0.015816538 0.997148573
1341845705.017537 0.050722983 0.056797706 -0.067337215 0.030369909 -0.066852473 -0.016845006 0.997158289
1341845705.049660 0.053245641 0.060402095 -0.066897653 0.030091140 -0.067503214 -0.016870880 0.997122467
1341845705.085710 0.050509892 0.056114972 -0.066170864 0.029099623 -0.067729697 -0.017863736 0.997119248
1341845705.117831 0.051007859 0.057410557 -0.068515651 0.029179262 -0.068516672 -0.017760970 0.997065008
1341845705.154005 0.055242188 0.060242847 -0.066792570 0.028229378 -0.069424093 -0.017983088 0.997025609
1341845705.185648 0.052848514 0.056893613 -0.063351102 0.027025960 -0.068733238 -0.018289108 0.997101247
1341845705.217695 0.052708432 0.057333134 -0.064149886 0.027039047 -0.068242520 -0.018300910 0.997134328
1341845705.253735 0.051221270 0.058107376 -0.064419933 0.026394896 -0.067545436 -0.018543519 0.997194588
1341845705.285554 0.052061103 0.054966766 -0.063723013 0.025685390 -0.067977361 -0.018263329 0.997188926
1341845705.321646 0.053260498 0.057579093 -0.062340397 0.026616754 -0.068658903 -0.017271115 0.997135520
1341845705.353674 0.052367412 0.060182273 -0.062107421 0.027145440 -0.068899743 -0.016167458 0.997123122
1341845705.385774 0.055295508 0.056135193 -0.062576763 0.027018066 -0.069520243 -0.016604079 0.997076392
1341845705.421801 0.053680353 0.057164900 -0.059217144 0.028388215 -0.068785794 -0.017164459 0.997079730
1341845705.453568 0.049467038 0.055019833 -0.059918568 0.030222252 -0.068275265 -0.016691163 0.997068942
1341845705.485749 0.052159440 0.054436766 -0.063257560 0.031788986 -0.069732361 -0.015077939 0.996945083
1341845705.521655 0.054119404 0.056763418 -0.061460070 0.033611838 -0.070553526 -0.014229224 0.996840000
1341845705.553548 0.057862975 0.058440339 -0.064703077 0.034342010 -0.071202733 -0.012906759 0.996786952
1341845705.589775 0.058990989 0.058231089 -0.062897377 0.034023382 -0.071240172 -0.013650315 0.996785283
1341845705.621894 0.052576765 0.059421591 -0.065596469 0.034314647 -0.070237495 -0.012903205 0.996856391
1341845705.653569 0.050683290 0.055660658 -0.063108601 0.033591151 -0.072781175 -0.011951954 0.996710420
1341845705.689868 0.056743514 0.056921173 -0.059955005 0.034495205 -0.075138465 -0.012580741 0.996496856
1341845705.721810 0.056585785 0.060980555 -0.060656961 0.035087444 -0.074070930 -0.012867566 0.996552467
1341845705.753738 0.054591622 0.058372963 -0.060352411 0.034588747 -0.073276587 -0.014434584 0.996607125
1341845705.789861 0.055452533 0.060757633 -0.059013776 0.034922741 -0.072305091 -0.013779818 0.996675730
1341845705.821704 0.052139089 0.058761518 -0.057768423 0.034299340 -0.071247056 -0.013407843 0.996778607
1341845705.863629 0.051552661 0.055263404 -0.059191816 0.034405712 -0.072052404 -0.013514816 0.996715605
1341845705.895623 0.049054582 0.051579207 -0.060366224 0.035419252 -0.073285051 -0.011392881 0.996616721
1341845705.931726 0.049453404 0.053841949 -0.062403876 0.037043896 -0.075814128 -0.009701063 0.996386409
1341845705.963641 0.051987767 0.060403794 -0.064124078 0.037887190 -0.077705733 -0.011863049 0.996185541
1341845705.995677 0.058093477 0.064419828 -0.059318654 0.037176929 -0.078035690 -0.016304143 0.996123731
1341845706.031837 0.057858396 0.064281210 -0.056903943 0.034603443 -0.076085649 -0.016622391 0.996362031
1341845706.063631 0.050378438 0.061507743 -0.054785755 0.033493940 -0.075875990 -0.016510602 0.996417761
1341845706.095737 0.051375192 0.061651912 -0.053323705 0.033646207 -0.077700637 -0.017672507 0.996252120
1341845706.131716 0.058079787 0.065728761 -0.053629659 0.033105709 -0.077817105 -0.018651754 0.996243238
1341845706.163718 0.052074742 0.060178403 -0.049919870 0.031833325 -0.075707510 -0.018032126 0.996458650
1341845706.195662 0.053069960 0.064051166 -0.051952109 0.032938559 -0.076413393 -0.016671518 0.996392548
1341845706.231610 0.060244858 0.065809242 -0.050082047 0.032373901 -0.076731138 -0.016879689 0.996383131
1341845706.263724 0.061107509 0.064537548 -0.049619120 0.030907463 -0.074942887 -0.015254821 0.996591985
1341845706.299838 0.053579345 0.064354964 -0.049223661 0.029923007 -0.073642507 -0.014584008 0.996729016
1341845706.331753 0.056690417 0.066893972 -0.046842594 0.029866040 -0.074833512 -0.015379445 0.996630073
1341845706.363574 0.056540865 0.060905989 -0.046655994 0.028585183 -0.074527033 -0.015454064 0.996689379
1341845706.399690 0.056426357 0.063319191 -0.045086727 0.029170653 -0.074962609 -0.014836034 0.996649146
1341845706.431735 0.061317272 0.063525409 -0.044760644 0.029581802 -0.075321481 -0.014625030 0.996613085
1341845706.463612 0.059197184 0.061277594 -0.043946471 0.029121738 -0.074118234 -0.013192971 0.996736825
1341845706.499655 0.050632376 0.059913851 -0.043423165 0.029794736 -0.073530786 -0.012281244 0.996772110
1341845706.531782 0.061173934 0.059160750 -0.044538233 0.030232998 -0.075845115 -0.012142869 0.996587217
1341845706.563559 0.069868214 0.061521199 -0.040691804 0.031067960 -0.074937642 -0.011979950 0.996632099
1341845706.599529 0.054931425 0.055648632 -0.044131935 0.031203354 -0.071134903 -0.012571559 0.996899247
1341845706.631786 0.057626128 0.058863450 -0.042908560 0.033448976 -0.072974823 -0.013092114 0.996686757
1341845706.667647 0.068862677 0.059368346 -0.042039894 0.034414634 -0.073743097 -0.012808185 0.996600986
1341845706.700732 0.067011446 0.057186551 -0.044229411 0.034031678 -0.071140550 -0.012427902 0.996808112
1341845706.732115 0.061082996 0.056084648 -0.046108305 0.034537755 -0.069691345 -0.011959416 0.996898830
1341845706.768143 0.069649421 0.059851460 -0.041856125 0.035915263 -0.070941813 -0.009741878 0.996786058
1341845706.800357 0.066669680 0.055352658 -0.044931538 0.035650488 -0.069637120 -0.008735122 0.996896923
1341845706.832602 0.067866497 0.057661030 -0.043517094 0.035956971 -0.069973089 -0.009092362 0.996859193
1341845706.869449 0.065133817 0.059126642 -0.043494321 0.035387099 -0.069312356 -0.008986341 0.996926665
1341845706.933651 0.067857042 0.055141442 -0.042779841 0.034092490 -0.070333853 -0.007917352 0.996909320
1341845706.994021 0.065634727 0.059299789 -0.044376526 0.033647887 -0.069671765 -0.006083151 0.996983767
1341845707.029674 0.063575082 0.055333614 -0.045331277 0.033693828 -0.069621131 -0.005187765 0.996990800
1341845707.061864 0.066799559 0.058461409 -0.044819154 0.034852445 -0.069849990 -0.005278563 0.996934533
1341845707.097704 0.069792263 0.050253499 -0.043951526 0.033835877 -0.069058143 -0.004579068 0.997028172
1341845707.129770 0.065136351 0.052247457 -0.044279065 0.036400415 -0.068423286 -0.003318264 0.996986568
1341845707.161817 0.072801098 0.050453089 -0.043289553 0.038420945 -0.070249707 -0.002962150 0.996784866
1341845707.197721 0.074432351 0.052627653 -0.043873865 0.039629273 -0.069099016 -0.003261272 0.996817052
1341845707.229795 0.071925238 0.048260882 -0.045295700 0.039549813 -0.067747019 -0.004413199 0.996908545
1341845707.261851 0.073961757 0.048373774 -0.044425141 0.040003821 -0.067955166 -0.003055517 0.996881366
1341845707.297710 0.077452436 0.051592030 -0.044871375 0.040607326 -0.067571647 -0.003084801 0.996882915
1341845707.329761 0.076968305 0.049378600 -0.042341352 0.039713476 -0.065813944 -0.003929713 0.997033536
1341845707.365850 0.076696821 0.041795474 -0.043909837 0.038956195 -0.064124763 -0.002820585 0.997177243
1341845707.397796 0.076366782 0.043367311 -0.044913936 0.040427674 -0.064167842 -0.000109997 0.997119904
1341845707.429752 0.076946646 0.044700284 -0.042474322 0.041847840 -0.064281300 0.000328943 0.997053921
1341845707.465767 0.084068768 0.045475528 -0.041644868 0.042984378 -0.063665420 -0.000104895 0.997045159
1341845707.497642 0.080977686 0.041898306 -0.041602574 0.042793106 -0.061573774 -0.000171529 0.997184753
1341845707.533665 0.084392592 0.043587808 -0.040157691 0.044134408 -0.060924958 0.000744489 0.997165859
1341845707.565754 0.087424941 0.044897139 -0.036219031 0.045237191 -0.059335858 0.000529635 0.997212410
1341845707.597603 0.087370381 0.044481531 -0.040315110 0.045557644 -0.057228997 0.000293393 0.997321069
1341845707.633748 0.087631315 0.046649918 -0.037763674 0.046281364 -0.057270844 0.002209123 0.997282922
1341845707.665870 0.087826192 0.043923911 -0.038887203 0.046318579 -0.057297628 0.002490958 0.997278988
1341845707.698455 0.090656407 0.046379305 -0.035220895 0.046117354 -0.056888271 0.002256637 0.997312307
1341845707.734303 0.087848134 0.045707256 -0.036896545 0.045359869 -0.056019895 0.001073148 0.997398198
1341845707.766259 0.088106096 0.042692889 -0.035185937 0.044999182 -0.056373384 0.001503348 0.997394025
1341845707.836344 0.087081440 0.044558048 -0.035869367 0.046892084 -0.056100622 0.001133851 0.997322679
1341845707.866230 0.088962689 0.046252020 -0.033056691 0.046980467 -0.057178687 0.000969782 0.997257531
1341845707.901694 0.090211116 0.044364423 -0.036062524 0.046184257 -0.057568058 0.002304966 0.997270107
1341845707.933640 0.087024845 0.043328144 -0.034125518 0.046291776 -0.057591978 0.001892153 0.997264624
1341845707.965831 0.090344295 0.046458662 -0.033619426 0.047190707 -0.058214001 0.001735567 0.997186661
1341845708.001954 0.088364899 0.044417266 -0.031247569 0.046717286 -0.057399340 0.002227660 0.997255147
1341845708.034393 0.087298647 0.044051159 -0.032551516 0.047013946 -0.057953168 0.001311558 0.997210801
1341845708.069946 0.090332046 0.044371758 -0.031712081 0.046599712 -0.058588549 0.001442249 0.997192979
1341845708.101700 0.087417260 0.041898441 -0.032398880 0.045848995 -0.057947461 0.001080117 0.997265697
1341845708.133697 0.087713510 0.042071413 -0.031209847 0.046246894 -0.059057269 0.000859001 0.997182429
1341845708.169675 0.088068038 0.044678416 -0.034157339 0.046646800 -0.059323691 0.000352117 0.997148275
1341845708.201793 0.086230114 0.042607170 -0.033799957 0.046148308 -0.058858827 -0.000777766 0.997198761
1341845708.233744 0.086687833 0.040658861 -0.034561228 0.046148840 -0.059784278 -0.000908701 0.997143567
1341845708.269711 0.084997155 0.039399195 -0.035641477 0.046410076 -0.060303472 -0.000563189 0.997100413
1341845708.301629 0.085739784 0.040657356 -0.037412241 0.046853852 -0.060875371 -0.001297580 0.997044265
1341845708.337612 0.090189509 0.043379776 -0.035273805 0.046787016 -0.061328709 -0.003065704 0.997015715
1341845708.369900 0.086482435 0.041911144 -0.035468120 0.046126366 -0.060429987 -0.003744290 0.997099102
1341845708.401883 0.088689320 0.041746326 -0.035897262 0.046364561 -0.061645389 -0.003793275 0.997013450
1341845708.443610 0.090155296 0.043867506 -0.035329536 0.046970148 -0.061793059 -0.004336544 0.996973753
1341845708.501776 0.088066407 0.043887824 -0.034603048 0.046257317 -0.063011825 -0.003069115 0.996935487
1341845708.543852 0.089974940 0.045437865 -0.033288144 0.046806902 -0.065210752 -0.002676375 0.996769547
1341845708.605675 0.087731890 0.048390768 -0.036081940 0.046343889 -0.066054702 -0.005455898 0.996724308
1341845708.637641 0.083560370 0.047567025 -0.034965180 0.046397164 -0.067445576 -0.006182864 0.996624410
1341845708.669692 0.087204859 0.050127089 -0.037865184 0.046806332 -0.069490217 -0.007326904 0.996457040
1341845708.705736 0.088873371 0.051684640 -0.037215706 0.045936022 -0.069397166 -0.007819614 0.996500254
1341845708.738027 0.079283267 0.049079929 -0.040385727 0.045228351 -0.068719193 -0.009337816 0.996566534
1341845708.773829 0.082622364 0.052220028 -0.039220370 0.045755696 -0.071367413 -0.009556688 0.996354282
1341845708.805763 0.085481815 0.051675137 -0.038303964 0.044768311 -0.071971960 -0.009411622 0.996357024
1341845708.838653 0.080987610 0.050074395 -0.040206127 0.044366430 -0.071849614 -0.011315408 0.996363997
1341845708.873912 0.083646372 0.051989973 -0.042247366 0.044614866 -0.073542312 -0.012201642 0.996218920
1341845708.905735 0.082023054 0.050202578 -0.040332794 0.043961082 -0.073569238 -0.013247943 0.996232629
1341845708.938426 0.080195755 0.050960649 -0.041053850 0.043989245 -0.073907249 -0.014782104 0.996184826
1341845708.973642 0.077473886 0.050362173 -0.043606974 0.043923818 -0.074514277 -0.014276431 0.996149838
1341845709.005742 0.079071015 0.052598599 -0.042876054 0.043880623 -0.075512804 -0.014967393 0.996066391
1341845709.041686 0.075738668 0.051941466 -0.044424016 0.043722898 -0.075492293 -0.016342070 0.996053278
1341845709.073656 0.077435769 0.053391069 -0.045315035 0.043544017 -0.076385178 -0.017278904 0.995977223
1341845709.105658 0.074205428 0.053287745 -0.045568801 0.043406315 -0.076670505 -0.017611438 0.995955527
1341845709.141741 0.077974610 0.055826858 -0.044402435 0.043707263 -0.078657620 -0.017942352 0.995781481
1341845709.173646 0.077518180 0.055724047 -0.044534314 0.043260418 -0.078410611 -0.017830521 0.995822489
1341845709.205765 0.077203304 0.057135355 -0.044564340 0.042941470 -0.078627832 -0.018002903 0.995816052
1341845709.241765 0.079344004 0.055619914 -0.044696599 0.042037375 -0.078867041 -0.017768141 0.995839953
1341845709.273754 0.078487985 0.054410629 -0.043755915 0.041532714 -0.078439526 -0.017453941 0.995900452
1341845709.309890 0.078320555 0.053483211 -0.045220930 0.041302815 -0.078583106 -0.016277734 0.995918572
1341845709.341728 0.079264671 0.056230705 -0.044712681 0.041151144 -0.078970551 -0.015825020 0.995901525
1341845709.373776 0.075860009 0.059442230 -0.046868753 0.040400356 -0.078248836 -0.015774459 0.995990038
1341845709.409657 0.077465422 0.060575649 -0.047039088 0.038680825 -0.078532107 -0.014066880 0.996061563
1341845709.442072 0.073195696 0.060319375 -0.051087879 0.036566954 -0.078157961 -0.012412113 0.996192813
1341845709.473660 0.073069833 0.061342523 -0.049431071 0.035073671 -0.078781411 -0.011780143 0.996205091
1341845709.509632 0.073225915 0.065016590 -0.049879842 0.033814110 -0.078566812 -0.011131140 0.996273041
1341845709.541673 0.071270563 0.062118586 -0.049413506 0.031127889 -0.079300791 -0.011016288 0.996303678
1341845709.578645 0.071994595 0.061543040 -0.046190500 0.030240307 -0.080603786 -0.011216377 0.996224225
1341845709.609672 0.071547896 0.062596589 -0.046064496 0.030186303 -0.081920050 -0.012122517 0.996107936
1341845709.642057 0.073415473 0.060972333 -0.043669328 0.029705832 -0.083312452 -0.011520344 0.996013999
1341845709.709730 0.075957201 0.066775471 -0.041492376 0.029696027 -0.084992506 -0.012301528 0.995862961
1341845709.745593 0.076446101 0.066843830 -0.044278160 0.028987333 -0.084804796 -0.012174323 0.995901406
1341845709.777709 0.070513792 0.062214218 -0.045818504 0.027668271 -0.084109716 -0.011426123 0.996006787
1341845709.809687 0.075434528 0.062527426 -0.047919348 0.027874416 -0.084964566 -0.012513481 0.995915413
1341845709.845686 0.077477098 0.065635823 -0.047171529 0.028305927 -0.083429493 -0.014499373 0.996006072
1341845709.878752 0.076886788 0.063712388 -0.047888149 0.027992675 -0.081597850 -0.015554975 0.996150732
1341845709.909693 0.070178494 0.055925474 -0.051901650 0.027679877 -0.080137797 -0.014573820 0.996292830
1341845709.945663 0.072355889 0.057404771 -0.051032525 0.029695954 -0.081664883 -0.013874051 0.996120751
1341845709.977698 0.075339004 0.060315266 -0.048167646 0.031441502 -0.082347348 -0.013549460 0.996015429
1341845710.013739 0.075763650 0.059267543 -0.050119705 0.031944945 -0.081612490 -0.014563056 0.996045589
1341845710.045754 0.072441176 0.056802191 -0.050993271 0.032153934 -0.080558486 -0.014911272 0.996119559
1341845710.077705 0.074219853 0.061133340 -0.051547870 0.032938786 -0.081284732 -0.015296662 0.996029079
1341845710.113730 0.076353714 0.059133597 -0.049880881 0.032654718 -0.081349164 -0.015265113 0.996033609
1341845710.145759 0.072207265 0.059442274 -0.051616166 0.032789081 -0.080720007 -0.014777122 0.996087790
1341845710.177824 0.072799191 0.059035759 -0.050389528 0.033316638 -0.081759676 -0.014810688 0.995984972
1341845710.213581 0.073018923 0.058085721 -0.050903656 0.033429701 -0.081774108 -0.015065498 0.995976150
1341845710.245636 0.070902288 0.053338330 -0.055156071 0.033404537 -0.081603594 -0.015223381 0.995988607
1341845710.281582 0.070532501 0.055659849 -0.054241601 0.036014907 -0.083459772 -0.016887797 0.995716929
1341845710.313617 0.075402558 0.058947794 -0.056659114 0.036888104 -0.084468685 -0.016809011 0.995601177
1341845710.345643 0.072337762 0.056973908 -0.054934617 0.036589086 -0.083626702 -0.015992520 0.995696783
1341845710.381860 0.071037993 0.056627918 -0.055657402 0.037237875 -0.084016800 -0.015879827 0.995641649
1341845710.413817 0.075605996 0.060914438 -0.052719206 0.038205743 -0.085097827 -0.015814865 0.995514214
1341845710.445824 0.074308805 0.058517110 -0.055151518 0.037075259 -0.084087066 -0.014959822 0.995656073
1341845710.481794 0.073116839 0.055941138 -0.056311559 0.036779374 -0.084745467 -0.015657265 0.995600462
1341845710.513650 0.075416140 0.057547044 -0.052266736 0.037111700 -0.085267909 -0.014628697 0.995559216
1341845710.549635 0.070904471 0.055963431 -0.056774504 0.037452795 -0.084594481 -0.014157495 0.995610654
1341845710.581654 0.072200209 0.056687880 -0.058000572 0.038648766 -0.085061997 -0.014248749 0.995523810
1341845710.613694 0.073517092 0.058052864 -0.055983286 0.038650345 -0.084978394 -0.013084559 0.995546937
1341845710.649564 0.072109997 0.055720650 -0.056381393 0.038811926 -0.084693626 -0.013069758 0.995565116
1341845710.681648 0.072860874 0.055901915 -0.055937082 0.039605580 -0.084880650 -0.013482617 0.995512366
1341845710.713728 0.077508934 0.055437729 -0.054341406 0.039674032 -0.084957615 -0.012445469 0.995516598
1341845710.749785 0.074042425 0.054697599 -0.054717742 0.039934792 -0.083905369 -0.012462639 0.995595217
1341845710.781816 0.075914420 0.055864073 -0.055636514 0.040634088 -0.084146589 -0.012614254 0.995544612
1341845710.817567 0.078454159 0.055763222 -0.053964496 0.040619712 -0.084054604 -0.013047324 0.995547414
1341845710.850205 0.078675181 0.057420172 -0.054565620 0.040375602 -0.083320856 -0.011608201 0.995636821
1341845710.882136 0.077194415 0.054000448 -0.052815624 0.039728645 -0.083693959 -0.011174892 0.995636523
1341845710.917631 0.079844408 0.057307631 -0.052562669 0.040139157 -0.084116898 -0.011585831 0.995579720
1341845710.950281 0.078050487 0.056115504 -0.052636426 0.039871193 -0.082797192 -0.011366146 0.995703638
1341845710.985647 0.074602954 0.050997190 -0.055726945 0.040348031 -0.083096504 -0.011510788 0.995657861
1341845711.017722 0.077683493 0.058561806 -0.052968655 0.042918146 -0.085181095 -0.013079146 0.995354772
1341845711.049965 0.086327739 0.061330374 -0.053424127 0.041925147 -0.084475912 -0.014138971 0.995442748
1341845711.085583 0.077956960 0.055695243 -0.052202396 0.040170576 -0.080974050 -0.014200631 0.995805144
1341845711.117670 0.074547775 0.052119594 -0.055729542 0.040348042 -0.081370115 -0.013698529 0.995772719
1341845711.149770 0.081985272 0.057625562 -0.051843755 0.041283485 -0.083028480 -0.012733663 0.995610297
1341845711.191691 0.083200686 0.055884428 -0.051443156 0.039935265 -0.081608377 -0.012717276 0.995782852
1341845711.253627 0.077875242 0.057309143 -0.053223312 0.041252915 -0.083313979 -0.012712077 0.995588005
1341845711.285627 0.082817189 0.056876548 -0.049432889 0.040169634 -0.084222183 -0.013132171 0.995550394
1341845711.317874 0.079008572 0.055456851 -0.052738979 0.039208747 -0.082615331 -0.014062081 0.995710611
1341845711.353756 0.082361631 0.062823676 -0.051243305 0.039095838 -0.082467355 -0.015685970 0.995703101
1341845711.385687 0.082752205 0.059612874 -0.049489778 0.037070736 -0.080735207 -0.015660362 0.995922863
1341845711.417635 0.078987107 0.053723905 -0.049270660 0.035709236 -0.079868481 -0.014436842 0.996060967
1341845711.485895 0.080616057 0.056192592 -0.048905086 0.037934363 -0.082289264 -0.012877843 0.995802999
1341845711.521704 0.080069408 0.054789469 -0.050113603 0.038258862 -0.081359096 -0.012348847 0.995873749
1341845711.553696 0.080211855 0.058536977 -0.050538752 0.039377749 -0.081144601 -0.012539330 0.995845258
1341845711.585708 0.084387086 0.061574884 -0.048157286 0.038773276 -0.081030011 -0.012829850 0.995874584
1341845711.621659 0.082554810 0.056014944 -0.048742570 0.037327752 -0.079486959 -0.012897555 0.996053278
1341845711.653731 0.079485290 0.056042187 -0.051216852 0.037559438 -0.079384387 -0.012850278 0.996053338
1341845711.685758 0.082379088 0.057731602 -0.050157387 0.037814178 -0.079924136 -0.011854435 0.996012926
1341845711.721850 0.083478682 0.054840546 -0.051643964 0.037737705 -0.079899192 -0.010799297 0.996029854
1341845711.754323 0.082001537 0.053112023 -0.052019514 0.037831407 -0.080581680 -0.010310013 0.995976448
1341845711.789716 0.081927612 0.059125114 -0.050046202 0.039127734 -0.081417859 -0.010611506 0.995855153
1341845711.821820 0.081176884 0.055052355 -0.050900411 0.038499821 -0.081001900 -0.011052951 0.995908797
1341845711.854173 0.080969580 0.057718053 -0.050775405 0.039428424 -0.080711566 -0.012100219 0.995883822
1341845711.889875 0.088062540 0.060123064 -0.047632493 0.039079465 -0.080388561 -0.012441333 0.995919526
1341845711.923959 0.084988587 0.059149105 -0.049800780 0.038118269 -0.077846155 -0.012712904 0.996155262
1341845711.957595 0.082021028 0.057743900 -0.049881835 0.037155300 -0.077184431 -0.014436638 0.996219695
1341845711.989820 0.089058757 0.061015718 -0.045311466 0.036947500 -0.077562086 -0.014923916 0.996190906
1341845712.057899 0.082113966 0.058478124 -0.049553510 0.035253935 -0.076158755 -0.012813725 0.996389866
1341845712.090038 0.088645525 0.063814454 -0.049592152 0.035433106 -0.075903594 -0.016478214 0.996349156
1341845712.127587 0.084735237 0.060851846 -0.047684368 0.033331025 -0.073198430 -0.016455606 0.996624410
1341845712.195638 0.081815757 0.062945865 -0.048782662 0.035916682 -0.077818409 -0.014222719 0.996218860
1341845712.257830 0.084080577 0.059133664 -0.049447812 0.033681124 -0.074609153 -0.016929181 0.996500134
1341845712.289935 0.076667286 0.057188816 -0.053186093 0.033678748 -0.074123926 -0.016190955 0.996548712
