1548266469.886330 0.000000000 0.000000000 0.000000000 0.000000000 0.000000000 0.000000000 1.000000000
1548266469.919590 0.004054227 0.001809032 -0.006515063 0.003092851 -0.003941246 0.001864496 0.999985695
1548266469.952710 0.009716926 -0.006789728 -0.016651725 0.004098572 -0.006719224 0.001434767 0.999967992
1548266469.986230 0.009933324 -0.008391390 -0.028198278 0.006622236 -0.007641356 0.003211763 0.999943733
1548266470.019750 0.035830207 0.009126148 -0.040219713 0.012973655 -0.016687896 0.005358853 0.999762237
1548266470.053260 0.039265942 0.006303907 -0.040047776 0.013927702 -0.017789487 0.001140163 0.999744117
1548266470.086930 0.046238590 -0.002206517 -0.047586471 0.013319567 -0.018200191 0.003914073 0.999737978
1548266470.120440 0.043223776 -0.002782603 -0.055293370 0.014681088 -0.021047266 0.003131893 0.999665797
1548266470.153960 0.057954863 0.002566445 -0.060882229 0.016476899 -0.023312043 0.001520621 0.999591291
1548266470.187470 0.051808029 -0.003811281 -0.067155272 0.015390349 -0.022779701 0.002457528 0.999619007
1548266470.220840 0.025593689 -0.002131443 -0.068257339 0.015967170 -0.022923263 -0.000137193 0.999609709
1548266470.254360 0.024147809 -0.014581546 -0.071693636 0.013708704 -0.022207987 -0.002323089 0.999656677
1548266470.287840 0.028152741 -0.015524602 -0.073729470 0.012956670 -0.022631675 -0.002024291 0.999657869
1548266470.321360 0.033589013 -0.013753717 -0.075640231 0.012779690 -0.025146095 -0.003159998 0.999597132
1548266470.354880 0.045663189 -0.010863407 -0.079883210 0.012887398 -0.025384173 -0.004932455 0.999582529
1548266470.388390 0.040734433 -0.013643028 -0.088402472 0.011902997 -0.023209086 -0.003271002 0.999654412
1548266470.421910 0.042192779 -0.013812525 -0.094737150 0.012443647 -0.026723154 -0.004122350 0.999556899
1548266470.455420 0.057901625 -0.013022632 -0.099416621 0.012805926 -0.030099640 -0.006448179 0.999444067
1548266470.488900 0.063205518 -0.018506369 -0.102580681 0.011968279 -0.029269524 -0.006348362 0.999479711
1548266470.522400 0.053884059 -0.009216984 -0.112364128 0.014909011 -0.030450320 -0.007061464 0.999400139
1548266470.555920 0.027048083 -0.022524025 -0.111291215 0.014245465 -0.030427694 -0.010295819 0.999382436
1548266470.589440 0.056023035 -0.013079477 -0.124563284 0.016905371 -0.035813656 -0.010968396 0.999155283
1548266470.622960 0.069991015 -0.006517416 -0.132069618 0.019281095 -0.040390994 -0.011310527 0.998933852
1548266470.656490 0.090634659 -0.000078323 -0.137189925 0.022132263 -0.046936501 -0.011689187 0.998584211
1548266470.690030 0.084561445 -0.000274411 -0.141712129 0.023143224 -0.047092885 -0.012725332 0.998541296
1548266470.723520 0.093214497 0.003593815 -0.148503527 0.024424335 -0.048897635 -0.012686127 0.998424530
1548266470.757030 0.105990626 0.008268329 -0.152052328 0.025563123 -0.051923722 -0.013483781 0.998232782
1548266470.790550 0.114059612 0.008591780 -0.156057611 0.024465740 -0.051572300 -0.014433456 0.998265207
1548266470.824090 0.123194382 0.007087107 -0.158924982 0.022466758 -0.052071508 -0.013688107 0.998296738
1548266470.857610 0.133119076 0.009850126 -0.162991032 0.021478862 -0.055094849 -0.014801692 0.998140335
1548266470.891100 0.147689506 0.027658263 -0.166356236 0.022282463 -0.055996507 -0.016265161 0.998049736
1548266470.924620 0.154250860 0.032207079 -0.165724665 0.020399982 -0.055291109 -0.016522825 0.998125076
1548266470.958130 0.157750517 0.030261150 -0.168666646 0.017343370 -0.056171075 -0.018203912 0.998104513
1548266470.991650 0.169580773 0.035594348 -0.169148162 0.015536479 -0.056033701 -0.020490594 0.998097658
1548266471.025190 0.170569748 0.045976993 -0.170225710 0.013724990 -0.053963263 -0.021311898 0.998221159
1548266471.058680 0.181581691 0.043364458 -0.172234669 0.009814593 -0.054762095 -0.022628069 0.998194754
1548266471.092190 0.186261058 0.049576096 -0.170150563 0.006629357 -0.055407349 -0.024448821 0.998142421
1548266471.125710 0.192004248 0.057042234 -0.171655923 0.003675853 -0.054657508 -0.027298987 0.998125136
1548266471.159230 0.202945992 0.053661503 -0.170955926 -0.001223868 -0.056608014 -0.027286714 0.998022735
1548266471.192740 0.203457758 0.064982161 -0.171817273 -0.003006110 -0.059227295 -0.029793292 0.997795284
1548266471.226260 0.206557781 0.072881207 -0.170119226 -0.004708968 -0.058715772 -0.032151047 0.997745752
1548266471.259770 0.208153680 0.082818523 -0.173143446 -0.005879923 -0.058842514 -0.032512147 0.997720361
1548266471.293280 0.210104376 0.092957586 -0.169582069 -0.006404944 -0.061534066 -0.035781678 0.997442842
1548266471.326790 0.212771550 0.103971697 -0.170936555 -0.007110277 -0.058931462 -0.038327113 0.997500658
1548266471.360310 0.204958454 0.096801832 -0.177510306 -0.010441767 -0.058320262 -0.038341839 0.997506738
1548266471.393820 0.208349869 0.111727417 -0.173459500 -0.009238872 -0.059585150 -0.042805865 0.997262239
1548266471.427350 0.228419244 0.105774596 -0.172127098 -0.011724714 -0.057442222 -0.043234266 0.997343302
1548266471.460810 0.222394601 0.099550091 -0.179044068 -0.014044940 -0.056029133 -0.040221866 0.997519791
1548266471.494190 0.218593732 0.101526074 -0.173144981 -0.013813381 -0.060068872 -0.042200018 0.997206151
1548266471.527710 0.242269248 0.111004137 -0.174370587 -0.011853583 -0.062191337 -0.043909796 0.997027397
1548266471.561220 0.224506989 0.120269969 -0.170596242 -0.010557502 -0.054672487 -0.041597430 0.997581661
1548266471.594950 0.213444516 0.129311115 -0.163837582 -0.009206726 -0.049592022 -0.040337671 0.997912228
1548266471.628250 0.219468683 0.137021437 -0.163131237 -0.007567490 -0.049967527 -0.039098594 0.997956574
1548266471.661710 0.248911947 0.134051815 -0.165163860 -0.007648770 -0.051901516 -0.038451821 0.997882366
1548266471.695190 0.221862108 0.150256306 -0.166318834 -0.005527262 -0.048860721 -0.036648352 0.998117685
1548266471.728740 0.163798511 0.173471406 -0.163804367 -0.003281149 -0.052944869 -0.033456910 0.998031437
1548266471.762320 0.264232785 0.150274247 -0.162000239 -0.005378577 -0.075890020 -0.038743503 0.996348679
1548266471.796120 0.259951353 0.151538357 -0.162900478 -0.006681046 -0.072633304 -0.036042817 0.996684849
1548266471.829690 0.191259116 0.190746114 -0.154878497 -0.002174792 -0.068124771 -0.032737508 0.997137189
1548266471.863210 0.233776033 0.148469076 -0.145031944 -0.008906700 -0.087673582 -0.035812285 0.995465457
1548266471.896730 0.262073994 0.148202986 -0.138158500 -0.010036934 -0.097252682 -0.035651561 0.994570315
1548266471.930180 0.248857021 0.151153758 -0.151076362 -0.010958183 -0.097693413 -0.035904571 0.994508326
1548266471.963760 0.263398290 0.155184165 -0.138023227 -0.010657348 -0.106448576 -0.037255768 0.993562818
1548266471.997270 0.239139527 0.158509448 -0.139315933 -0.009773458 -0.101898402 -0.040922094 0.993904710
1548266472.030760 0.234305039 0.160773426 -0.137416452 -0.009913661 -0.099665709 -0.037340131 0.994270682
1548266472.064280 0.257338673 0.132642061 -0.129879847 -0.012412517 -0.107656136 -0.038322158 0.993371785
1548266472.097760 0.266424477 0.131746262 -0.137920380 -0.009360678 -0.106766790 -0.040159743 0.993428588
1548266472.131280 0.258986115 0.131919086 -0.136501834 -0.007997253 -0.103039958 -0.036162723 0.993987441
1548266472.164830 0.241754562 0.120582230 -0.133939266 -0.007306342 -0.103791282 -0.035553478 0.993936598
1548266472.198370 0.257672787 0.111295752 -0.137251899 -0.005200145 -0.108163849 -0.035639673 0.993480444
1548266472.231890 0.251582712 0.110881761 -0.136268735 -0.002532859 -0.103686050 -0.034096848 0.994022250
1548266472.265600 0.186832696 0.105732724 -0.143698782 -0.000918161 -0.095713057 -0.031034969 0.994924605
1548266472.299120 0.245723337 0.084519811 -0.135701448 0.001024241 -0.109800898 -0.032049999 0.993436217
1548266472.332410 0.244803295 0.082881615 -0.136698499 0.004412479 -0.108161107 -0.028508013 0.993714750
1548266472.366150 0.252621025 0.046826873 -0.137630671 0.001565621 -0.111522093 -0.023638777 0.993479550
1548266472.399440 0.284771711 0.045411415 -0.134265780 0.006718070 -0.121826142 -0.023792792 0.992243469
1548266472.432950 0.283016175 0.042887215 -0.134214818 0.009485649 -0.118550576 -0.021866921 0.992661893
1548266472.466360 0.248149335 0.019602552 -0.141928434 0.008113226 -0.113357514 -0.019392602 0.993331850
1548266472.499990 0.259921700 0.033081226 -0.136834934 0.014110667 -0.117138319 -0.019635953 0.992821217
1548266472.533120 0.254843354 0.030396013 -0.130408138 0.016567215 -0.113484785 -0.018543616 0.993228495
1548266472.566560 0.256445855 0.019610826 -0.124221981 0.016992977 -0.110799052 -0.015725903 0.993573129
1548266472.600150 0.258293003 0.009669273 -0.122677788 0.018289404 -0.110674240 -0.013877433 0.993591547
1548266472.634070 0.242795885 0.018546060 -0.123044960 0.023606513 -0.108108439 -0.014322351 0.993755579
1548266472.667590 0.249615520 -0.001691103 -0.124865115 0.023971664 -0.104341403 -0.011790871 0.994182706
1548266472.701040 0.229149491 -0.004513774 -0.129463047 0.026610093 -0.102609202 -0.008281644 0.994331241
1548266472.734550 0.249710903 -0.012507698 -0.127008796 0.029953208 -0.105542727 -0.010339120 0.993909776
1548266472.767970 0.268939883 -0.008285715 -0.126551405 0.033937458 -0.102178901 -0.008494400 0.994150698
1548266472.801580 0.254356563 -0.024946190 -0.122705489 0.033414848 -0.100499406 -0.006451562 0.994354904
1548266472.835100 0.244390845 -0.020641739 -0.124614015 0.037777308 -0.100188285 -0.007249157 0.994224668
1548266472.868520 0.250183225 -0.022814622 -0.124971822 0.040401429 -0.095772699 -0.007026853 0.994558156
1548266472.902030 0.243816555 -0.020985415 -0.119407572 0.041226428 -0.092265405 -0.003867833 0.994873106
1548266472.935550 0.245349318 -0.027763072 -0.117760003 0.042248346 -0.094431639 -0.003164579 0.994629443
1548266472.969070 0.245567843 -0.049266625 -0.114557043 0.041802820 -0.092115156 -0.005622849 0.994854629
1548266473.002510 0.249570787 -0.038043749 -0.113705538 0.043167342 -0.087141827 -0.000206007 0.995260179
1548266473.036100 0.246275455 -0.061871950 -0.111353770 0.040598951 -0.086050905 0.000843866 0.995462835
1548266473.069610 0.232046381 -0.071233869 -0.107984245 0.041338351 -0.082910918 0.000757789 0.995698929
1548266473.103060 0.231326312 -0.075392522 -0.102051742 0.040678810 -0.077781953 0.004707133 0.996129036
1548266473.136500 0.211536437 -0.075839125 -0.093761548 0.040993553 -0.074680366 0.007711537 0.996334732
1548266473.170020 0.222194165 -0.085442476 -0.093287833 0.041017670 -0.076209307 0.007780110 0.996217430
1548266473.203530 0.216156915 -0.083764970 -0.085332111 0.041704804 -0.071955606 0.010123808 0.996484160
1548266473.237020 0.215268970 -0.099431701 -0.084605850 0.039894674 -0.071723253 0.011563064 0.996559322
1548266473.270530 0.216058433 -0.101614997 -0.077449240 0.040500887 -0.072656944 0.011852358 0.996463835
1548266473.304020 0.196392596 -0.099814668 -0.073387764 0.041535974 -0.066167392 0.013997455 0.996845365
1548266473.337480 0.203533649 -0.116745479 -0.066525444 0.039191749 -0.065496735 0.015918978 0.996955752
1548266473.370990 0.206251502 -0.118786596 -0.061272107 0.039294366 -0.064667098 0.016821392 0.996991038
1548266473.404510 0.193774581 -0.121248625 -0.058299467 0.038919210 -0.061367203 0.017601654 0.997200906
1548266473.438080 0.186733335 -0.114978865 -0.052537505 0.039034829 -0.060694572 0.018697722 0.997217536
1548266473.471600 0.193145782 -0.128823340 -0.045182180 0.035445988 -0.059516568 0.017781070 0.997439325
1548266473.505130 0.180546269 -0.132852346 -0.037673831 0.033267956 -0.055587210 0.019865213 0.997701705
1548266473.538640 0.178063244 -0.129918814 -0.031346090 0.032546934 -0.056687377 0.021859579 0.997621894
1548266473.572160 0.172827795 -0.120547108 -0.023532117 0.032484986 -0.056999154 0.021463605 0.997614741
1548266473.605680 0.181669772 -0.136255637 -0.014009366 0.027953688 -0.057372574 0.022304341 0.997712135
1548266473.639210 0.176390886 -0.134408280 -0.007641387 0.027131699 -0.056029338 0.022056147 0.997816682
1548266473.672720 0.157456025 -0.131083697 -0.001221891 0.026512135 -0.053205341 0.023797987 0.997947872
1548266473.706240 0.154142112 -0.132361934 0.005728290 0.025199132 -0.055689815 0.023563370 0.997851908
1548266473.739800 0.140091538 -0.134492815 0.012550638 0.024428142 -0.055679224 0.022362169 0.997899294
1548266473.773720 0.146097973 -0.142822713 0.021594809 0.022219948 -0.060103271 0.021110140 0.997721493
1548266473.807310 0.144248322 -0.123565771 0.020608691 0.024049830 -0.059948713 0.019190874 0.997727156
1548266473.840830 0.133298039 -0.125837713 0.029453266 0.022023275 -0.057369929 0.018486097 0.997938871
1548266473.874350 0.131062150 -0.114801124 0.035778429 0.022771681 -0.058120560 0.015226143 0.997933686
1548266473.907860 0.137376115 -0.107960202 0.043048806 0.022638040 -0.056953914 0.010303413 0.998066962
1548266473.941380 0.114763223 -0.110409983 0.047382470 0.019366806 -0.051824566 0.009129032 0.998426676
1548266473.974890 0.120986611 -0.109340899 0.054732710 0.017605556 -0.053926602 0.005658131 0.998373628
1548266474.008410 0.121153891 -0.101864688 0.062287088 0.017112156 -0.053028010 0.002359089 0.998443604
1548266474.041840 0.122784764 -0.091936193 0.065770186 0.016089110 -0.051834375 0.001144622 0.998525441
1548266474.075000 0.109289087 -0.082689613 0.078253001 0.014149006 -0.049696125 0.000092812 0.998664141
1548266474.108510 0.119045250 -0.086645931 0.090089537 0.010443030 -0.051137771 -0.002257904 0.998634458
1548266474.142030 0.108921364 -0.091914751 0.097934388 0.006163945 -0.048766434 -0.003362699 0.998785555
1548266474.175550 0.144394010 -0.096264221 0.110969074 0.000931532 -0.054755520 -0.003253902 0.998494029
1548266474.209060 0.156729460 -0.085827760 0.119484425 -0.001137912 -0.057684384 -0.003857635 0.998326778
1548266474.242580 0.159282178 -0.094545856 0.133081898 -0.006171503 -0.058166776 -0.005128727 0.998274624
1548266474.276030 0.142107114 -0.083235927 0.141370580 -0.007947656 -0.056763258 -0.005298265 0.998341978
1548266474.309280 0.126578078 -0.063622683 0.149084717 -0.008208716 -0.054319900 -0.007146103 0.998464286
1548266474.343060 0.122367799 -0.071437418 0.163843617 -0.013812573 -0.053861883 -0.007618608 0.998423815
1548266474.376640 0.126127854 -0.077514417 0.180056259 -0.019306142 -0.056490358 -0.008582097 0.998179555
1548266474.410350 0.123087712 -0.076127075 0.191342980 -0.022313546 -0.057405405 -0.009102295 0.998060048
1548266474.443860 0.120068990 -0.079610467 0.203089908 -0.025705036 -0.059758075 -0.009560755 0.997836053
1548266474.477380 0.135896087 -0.074682936 0.215183243 -0.027608134 -0.064548470 -0.010530711 0.997476995
1548266474.510900 0.140874222 -0.081255347 0.224266917 -0.031234806 -0.065772690 -0.011049708 0.997284472
1548266474.544410 0.134596929 -0.074829295 0.238254398 -0.032420892 -0.066557631 -0.011069653 0.997194290
1548266474.577930 0.156916693 -0.088135622 0.246379867 -0.035863310 -0.072542585 -0.012992961 0.996635616
1548266474.610930 0.154644653 -0.072383761 0.257825017 -0.034646794 -0.071098968 -0.014325368 0.996764421
1548266474.644390 0.166117266 -0.079554059 0.274156570 -0.037921887 -0.072530746 -0.014559796 0.996538639
1548266474.677740 0.179625690 -0.091140226 0.285593182 -0.041119214 -0.075718336 -0.015873440 0.996154606
1548266474.711260 0.173370048 -0.083759278 0.294218540 -0.040910617 -0.074430965 -0.017537426 0.996232271
1548266474.744780 0.169772223 -0.076359540 0.306489348 -0.040896494 -0.072430640 -0.016818466 0.996392667
1548266474.778290 0.177590936 -0.084437802 0.317433059 -0.043214470 -0.074849874 -0.016910259 0.996114492
1548266474.811810 0.210779354 -0.087867506 0.332064480 -0.045067195 -0.083534978 -0.015313743 0.995367408
1548266474.845320 0.221547678 -0.076910466 0.335760862 -0.043440226 -0.084809892 -0.018019799 0.995286644
1548266474.878830 0.202347189 -0.077563383 0.350687861 -0.045645207 -0.080550238 -0.017896403 0.995544016
1548266474.912350 0.209995851 -0.080922499 0.362085611 -0.047272149 -0.083684668 -0.019289095 0.995183468
1548266474.945860 0.239798978 -0.079013705 0.363788515 -0.047502771 -0.087312542 -0.022636153 0.994790256
1548266474.979380 0.225248069 -0.075063318 0.376859009 -0.048223373 -0.082621925 -0.023240699 0.995142221
1548266475.012920 0.215190500 -0.075010218 0.384190053 -0.048894204 -0.081425712 -0.024291484 0.995182991
1548266475.046490 0.234465867 -0.082466625 0.394170851 -0.050750054 -0.084824570 -0.026597988 0.994747102
1548266475.080120 0.240066886 -0.077413499 0.400727540 -0.051218648 -0.083764404 -0.028395068 0.994763255
1548266475.113660 0.226979122 -0.075591743 0.412127286 -0.052432101 -0.082546614 -0.029250370 0.994777024
1548266475.147180 0.239672616 -0.077436335 0.419911116 -0.054110076 -0.086959347 -0.031747319 0.994234502
1548266475.180690 0.257335842 -0.065539479 0.426680118 -0.053455066 -0.090004921 -0.033849984 0.993929505
1548266475.214210 0.255516827 -0.072593138 0.435342073 -0.057002448 -0.089411139 -0.035403457 0.993731856
1548266475.247900 0.235199094 -0.057092607 0.437705845 -0.056240615 -0.087641500 -0.037076060 0.993871868
1548266475.281420 0.244174138 -0.057294805 0.445560127 -0.057967931 -0.092715301 -0.040264882 0.993187964
1548266475.314940 0.264011234 -0.058171194 0.455932528 -0.060963545 -0.098688275 -0.042430744 0.992342532
1548266475.348450 0.256445438 -0.050507467 0.455967039 -0.062342316 -0.100623444 -0.046532962 0.991878510
1548266475.382340 0.268647164 -0.046418551 0.474730343 -0.065635271 -0.106024459 -0.049668338 0.990951002
1548266475.415920 0.267998368 -0.045124423 0.474553108 -0.069465786 -0.107177779 -0.052605361 0.990414143
1548266475.449430 0.276580542 -0.025587231 0.481266141 -0.070196025 -0.108632505 -0.053727735 0.990143836
1548266475.482950 0.269277692 -0.022534925 0.490899861 -0.074596725 -0.109197527 -0.053023629 0.989797831
1548266475.516400 0.289039820 -0.030529419 0.505308449 -0.079839811 -0.116609760 -0.054342419 0.988470852
1548266475.549920 0.298081994 -0.027899954 0.509774923 -0.081771187 -0.119559944 -0.055803753 0.987878978
1548266475.583560 0.306078106 -0.016372744 0.512541831 -0.082376607 -0.119560190 -0.056215800 0.987805247
1548266475.616580 0.306573838 -0.021546617 0.516854882 -0.085845917 -0.118506126 -0.055874631 0.987656236
1548266475.650100 0.316739351 -0.014900156 0.522552669 -0.086256184 -0.118308119 -0.054833364 0.987702549
1548266475.683610 0.311706543 -0.012299866 0.526440978 -0.087741487 -0.116719782 -0.052928407 0.987864614
1548266475.717130 0.328640878 -0.024203919 0.529137373 -0.091217659 -0.124286227 -0.050763201 0.986739755
1548266475.750510 0.366653442 -0.020416804 0.533670664 -0.089588352 -0.135532483 -0.048923023 0.985500574
1548266475.784000 0.382884115 -0.024738498 0.534082651 -0.089848861 -0.139217049 -0.045398232 0.985131860
1548266475.817510 0.342739046 -0.038920593 0.521236420 -0.092987053 -0.138222754 -0.043586493 0.985062480
1548266475.851030 0.372635007 -0.042474415 0.519938469 -0.091452271 -0.147892699 -0.043962754 0.983784258
1548266475.884540 0.375363469 -0.039996803 0.516703427 -0.089596085 -0.146220773 -0.039504915 0.984393895
1548266475.918060 0.372697890 -0.048201490 0.511533558 -0.089402951 -0.148035914 -0.038215473 0.984191060
1548266475.951600 0.400188804 -0.049186908 0.506652355 -0.087010659 -0.157221228 -0.037606359 0.983003736
1548266475.985540 0.397325099 -0.052475505 0.499536872 -0.085247770 -0.155443862 -0.035620730 0.983514726
1548266476.019110 0.388887286 -0.059902612 0.493806243 -0.085310765 -0.154367208 -0.033493277 0.983753562
1548266476.052570 0.389051110 -0.061937831 0.482064992 -0.083173089 -0.160169184 -0.032646596 0.983037233
1548266476.085640 0.418349594 -0.061689127 0.476829022 -0.079832882 -0.163273513 -0.032856151 0.982796490
1548266476.119450 0.435930699 -0.068718448 0.475373358 -0.080112457 -0.165557325 -0.029137693 0.982508898
1548266476.153120 0.421840906 -0.057987224 0.465675890 -0.076089285 -0.168344408 -0.027676491 0.982397377
1548266476.186690 0.428376704 -0.097198419 0.463094145 -0.080564216 -0.174323931 -0.026865346 0.981019258
1548266476.220210 0.448371112 -0.096201323 0.458721161 -0.077014878 -0.178183660 -0.026039762 0.980633080
1548266476.253720 0.439831853 -0.104067810 0.443226606 -0.075604029 -0.181348279 -0.022807740 0.980243146
1548266476.287240 0.467604846 -0.121299811 0.447115928 -0.074961506 -0.191855416 -0.022515435 0.978297174
1548266476.320750 0.486636311 -0.108039171 0.444182634 -0.069149308 -0.200616658 -0.021098182 0.976998568
1548266476.354060 0.460681587 -0.083149329 0.419675380 -0.062205382 -0.199417040 -0.020768821 0.977717757
1548266476.387390 0.457340509 -0.108066604 0.406187981 -0.064457901 -0.203644037 -0.019927794 0.976717591
1548266476.420900 0.447506845 -0.113925219 0.400212497 -0.062232733 -0.208215043 -0.021553300 0.975863218
1548266476.454420 0.453665763 -0.132207528 0.391457051 -0.061262794 -0.211605817 -0.022027930 0.975184441
1548266476.487920 0.452154398 -0.130688131 0.385421067 -0.057635613 -0.213354856 -0.021480106 0.975036681
1548266476.521410 0.454132050 -0.127269939 0.368637502 -0.053366005 -0.219338864 -0.019708700 0.973988771
1548266476.554950 0.456839681 -0.137054667 0.367782474 -0.049290385 -0.226099685 -0.021755002 0.972613037
1548266476.588460 0.442890853 -0.149721891 0.349832952 -0.047174037 -0.225498185 -0.021455258 0.972864270
1548266476.621960 0.449553490 -0.154262722 0.327412188 -0.044399519 -0.231534287 -0.020997914 0.971586168
1548266476.655480 0.461133093 -0.179477811 0.344774425 -0.044067785 -0.242747322 -0.020935373 0.968861938
1548266476.688990 0.466788322 -0.179619998 0.344674647 -0.039886639 -0.249501303 -0.023500014 0.967267215
1548266476.722530 0.487584144 -0.174250081 0.348320842 -0.036104534 -0.255807877 -0.023954788 0.965756178
1548266476.756050 0.495109737 -0.172583923 0.351818800 -0.033234257 -0.259898573 -0.023107339 0.964787185
1548266476.789560 0.512459099 -0.168672532 0.355675846 -0.029107140 -0.267554939 -0.024448454 0.962792516
1548266476.823100 0.511112332 -0.169723406 0.345369250 -0.026675396 -0.270142168 -0.024742369 0.962132752
1548266476.856590 0.519629061 -0.160658106 0.338361442 -0.022856656 -0.274881214 -0.024695357 0.960889220
1548266476.890110 0.513351142 -0.162813425 0.340992182 -0.020672705 -0.278388709 -0.026198188 0.959888577
1548266476.923630 0.517040491 -0.154095873 0.326029152 -0.017248666 -0.280734420 -0.026550565 0.959263146
1548266476.957140 0.521299064 -0.176758677 0.334663779 -0.020029979 -0.288484097 -0.029013008 0.956835389
1548266476.990660 0.457985640 -0.171819940 0.292187631 -0.017403692 -0.284142464 -0.030635249 0.958134472
1548266477.024170 0.422460526 -0.252364576 0.277765512 -0.029970868 -0.284566581 -0.030710617 0.957695365
1548266477.057690 0.376340717 -0.244480208 0.255839497 -0.027257128 -0.286617249 -0.033643715 0.957066178
1548266477.091240 0.377069533 -0.232723951 0.261199236 -0.024098340 -0.293041736 -0.034223594 0.955183029
1548266477.124770 0.377870828 -0.227072209 0.252139688 -0.022085477 -0.295905352 -0.036055721 0.954281032
1548266477.158270 0.383080125 -0.237280637 0.246895283 -0.023031577 -0.301488698 -0.036433540 0.952494979
1548266477.191790 0.373631299 -0.251621574 0.248780251 -0.022482794 -0.310363114 -0.039503053 0.949530840
1548266477.225310 0.358630002 -0.247853681 0.248401418 -0.019266244 -0.315669090 -0.042631026 0.947715342
1548266477.258820 0.364643961 -0.244709179 0.256264925 -0.016223472 -0.323426396 -0.045481883 0.945020378
1548266477.292220 0.359104306 -0.255961686 0.256557971 -0.015856454 -0.329159021 -0.047417223 0.942949891
1548266477.325740 0.350074083 -0.253642648 0.257922888 -0.011724150 -0.336719930 -0.054136671 0.939974189
1548266477.359450 0.344720185 -0.243257716 0.253046125 -0.007520510 -0.341370106 -0.058502480 0.938076377
1548266477.393320 0.331678301 -0.251677513 0.246500924 -0.007711589 -0.345114440 -0.061277512 0.936526358
1548266477.426840 0.325103253 -0.250837594 0.253294885 -0.005978719 -0.352595299 -0.064323775 0.933543384
1548266477.460360 0.374592304 -0.253395289 0.269968241 -0.003639170 -0.363248825 -0.068288624 0.929179072
1548266477.493870 0.361964434 -0.249693528 0.266656429 -0.003344677 -0.363895118 -0.069883317 0.928808630
1548266477.527390 0.376787752 -0.273242980 0.256358415 -0.006915483 -0.370851398 -0.070265897 0.926004410
1548266477.560740 0.363174170 -0.264031976 0.265112847 -0.004499171 -0.376096219 -0.073369883 0.923660219
1548266477.594260 0.369825244 -0.275619209 0.281585991 -0.006644932 -0.381647795 -0.074573167 0.921270669
1548266477.627760 0.371832758 -0.272125065 0.280415654 -0.006873734 -0.385565162 -0.073606305 0.919714272
1548266477.661270 0.384197384 -0.288877428 0.281635642 -0.010378299 -0.393578321 -0.071379691 0.916456938
1548266477.694810 0.370781273 -0.281721592 0.281037539 -0.008906797 -0.398556232 -0.075726487 0.913968861
1548266477.728320 0.365913510 -0.282869041 0.277414352 -0.009927156 -0.402281255 -0.077150315 0.912205637
1548266477.761840 0.365003586 -0.269845486 0.282639474 -0.008959981 -0.408761859 -0.077705838 0.909282804
1548266477.795360 0.365933388 -0.275947601 0.283213764 -0.008793480 -0.414695770 -0.082662843 0.906155050
1548266477.828850 0.351712167 -0.269939184 0.276117653 -0.008033231 -0.414409369 -0.084138416 0.906157315
1548266477.862350 0.358265609 -0.280621439 0.276241213 -0.009694600 -0.418936431 -0.084915027 0.903984308
1548266477.895850 0.366008729 -0.287671119 0.288868159 -0.009298183 -0.427287877 -0.087951459 0.899779499
1548266477.929360 0.360368133 -0.285700560 0.285179377 -0.007325335 -0.427693635 -0.091178015 0.899283648
1548266477.962840 0.362565726 -0.289681405 0.277946085 -0.006753665 -0.428937197 -0.092014596 0.898610353
1548266477.996360 0.358128548 -0.284259796 0.276054233 -0.004228057 -0.430815667 -0.094920397 0.897424161
1548266478.029870 0.357390612 -0.275248528 0.279701531 -0.001708327 -0.432071269 -0.096729800 0.896635294
1548266478.063430 0.361827701 -0.280997545 0.277385622 -0.002248183 -0.433140457 -0.097429268 0.896042287
1548266478.096900 0.368853509 -0.285520762 0.286108702 -0.001805771 -0.437885731 -0.100232273 0.893423915
1548266478.130240 0.400908321 -0.298839480 0.315912992 -0.002047532 -0.441843301 -0.102842391 0.891175508
1548266478.163540 0.394748926 -0.316582978 0.302399278 -0.006085219 -0.432872504 -0.104998998 0.895298600
1548266478.196940 0.382937104 -0.311874032 0.293428242 -0.008567712 -0.430208206 -0.104477912 0.896622479
1548266478.230450 0.402885228 -0.287407547 0.307367086 -0.004812618 -0.431790501 -0.109366424 0.895305991
1548266478.263970 0.396202624 -0.281854361 0.293775618 -0.006039151 -0.424017906 -0.110663578 0.898846984
1548266478.297600 0.396666110 -0.277340293 0.301555157 -0.006950189 -0.420615256 -0.110371657 0.900473535
1548266478.331120 0.413654566 -0.291177809 0.323890537 -0.009814035 -0.419913620 -0.110332079 0.900779128
1548266478.364640 0.410671234 -0.286563396 0.315389961 -0.011017717 -0.407410711 -0.107992053 0.906770527
1548266478.398150 0.381704986 -0.273450255 0.297888339 -0.011041367 -0.398139417 -0.105315007 0.911192536
1548266478.431520 0.390891224 -0.268195719 0.310074627 -0.010319551 -0.399667054 -0.103542469 0.910735250
1548266478.465180 0.397661299 -0.258110881 0.328032494 -0.008763427 -0.398781151 -0.104441568 0.911037207
1548266478.498740 0.398080111 -0.251461923 0.322277397 -0.009855775 -0.392176509 -0.102275036 0.914133608
1548266478.532260 0.397146404 -0.247966856 0.323161274 -0.010232255 -0.389849693 -0.101956837 0.915159702
1548266478.565780 0.388376564 -0.240371615 0.318689823 -0.008870350 -0.385113001 -0.103820741 0.916968107
1548266478.599290 0.392726272 -0.238668799 0.322268158 -0.009084802 -0.380459964 -0.104047827 0.918880701
1548266478.632810 0.387637973 -0.230653599 0.312765807 -0.008150219 -0.374192417 -0.104831159 0.921370745
1548266478.666430 0.386087924 -0.227196217 0.317320794 -0.007315252 -0.370624244 -0.105861947 0.922701180
1548266478.699980 0.385650784 -0.223995000 0.323546827 -0.006894044 -0.366905928 -0.107216805 0.924033046
1548266478.733460 0.394543350 -0.223647699 0.323377758 -0.006984722 -0.361693978 -0.107863262 0.926009834
1548266478.766870 0.391515672 -0.214368075 0.320341378 -0.006112939 -0.358522922 -0.107757345 0.927260637
1548266478.800390 0.397191703 -0.214606747 0.323000759 -0.006202256 -0.357070953 -0.109090410 0.927664340
1548266478.833760 0.399091274 -0.218762577 0.330104113 -0.007400617 -0.354225248 -0.109195359 0.928733587
1548266478.867270 0.405367851 -0.217631429 0.327298135 -0.008395512 -0.352275252 -0.107023627 0.929719090
1548266478.900790 0.400473237 -0.224302620 0.310025275 -0.009614795 -0.350252002 -0.107589550 0.930406153
1548266478.934310 0.415224105 -0.209206998 0.324863642 -0.007354964 -0.350992799 -0.108694404 0.930019081
1548266478.967820 0.419563383 -0.207860708 0.336534113 -0.008351714 -0.349014640 -0.106530793 0.931004941
1548266479.001340 0.416013449 -0.206364349 0.330177605 -0.008652640 -0.346685886 -0.107187338 0.931796610
1548266479.035050 0.412179559 -0.191736102 0.327506602 -0.006757900 -0.343287706 -0.108063512 0.932968497
1548266479.068570 0.425660193 -0.191416934 0.339714319 -0.007754870 -0.341311842 -0.107563034 0.933743179
1548266479.102250 0.409963548 -0.178383037 0.327629060 -0.008931329 -0.335540742 -0.105020687 0.936110735
1548266479.135720 0.423245162 -0.178482622 0.330015540 -0.009727096 -0.335490108 -0.106036633 0.936006427
1548266479.169140 0.443131298 -0.169065401 0.347170144 -0.009340057 -0.333454967 -0.107297868 0.936593652
1548266479.202630 0.433296144 -0.177887782 0.349045306 -0.014155279 -0.327026784 -0.106065542 0.938937247
1548266479.236170 0.439063996 -0.174784720 0.354574203 -0.014873054 -0.324956477 -0.106791161 0.939562500
1548266479.269730 0.445306122 -0.169043586 0.361409217 -0.013285742 -0.319267571 -0.108855560 0.941298127
1548266479.303240 0.432968259 -0.152209267 0.343212724 -0.011858734 -0.308622211 -0.108268149 0.944928408
1548266479.336760 0.431335390 -0.151507542 0.344494820 -0.011735602 -0.302876770 -0.108712129 0.946736276
1548266479.370280 0.443477392 -0.145377666 0.358943194 -0.011602707 -0.296586394 -0.106580898 0.948969126
1548266479.403790 0.442285359 -0.116818666 0.337989926 -0.007407292 -0.282417476 -0.103890367 0.953620613
1548266479.437310 0.433386624 -0.126504213 0.345222861 -0.011130541 -0.275452316 -0.102491237 0.955770731
1548266479.470780 0.437182486 -0.110164464 0.334820211 -0.010114585 -0.268432170 -0.101111658 0.957923949
1548266479.504300 0.445573658 -0.084625773 0.338209748 -0.007394266 -0.259435087 -0.098727629 0.960672438
1548266479.537860 0.439163804 -0.077395871 0.333850175 -0.008059029 -0.249203175 -0.096525691 0.963595152
1548266479.571370 0.466073602 -0.084902391 0.357712954 -0.010207971 -0.246920124 -0.094494835 0.964363515
1548266479.604850 0.461029530 -0.080690809 0.339360923 -0.009847964 -0.233593062 -0.093243614 0.967803121
1548266479.638350 0.449380249 -0.076733083 0.337003201 -0.011424512 -0.223012447 -0.090921737 0.970498919
1548266479.671820 0.467269868 -0.048702206 0.361669183 -0.007934454 -0.219814077 -0.089398563 0.971404493
1548266479.705270 0.497600168 -0.067448027 0.365983725 -0.013627937 -0.211293980 -0.084868893 0.973635674
1548266479.738750 0.480198592 -0.057208944 0.365795046 -0.014826212 -0.198529527 -0.081068344 0.976623833
1548266479.772270 0.481108189 -0.036932703 0.360241920 -0.014053240 -0.188925833 -0.078781053 0.978725255
1548266479.805780 0.495007545 -0.065367363 0.362925619 -0.021039627 -0.181412891 -0.076809287 0.980177045
1548266479.839300 0.510621309 -0.059504256 0.372367710 -0.022552088 -0.173609480 -0.073836923 0.981783748
1548266479.872810 0.448087335 -0.066793486 0.344658017 -0.027222307 -0.152844027 -0.074185461 0.985085845
1548266479.906600 0.439172298 -0.061834518 0.330491364 -0.029002007 -0.142853498 -0.073780738 0.986563802
1548266479.940190 0.438999504 -0.072190620 0.323705226 -0.032953005 -0.129488900 -0.071424007 0.988456011
1548266479.973710 0.459887266 -0.065329194 0.363190919 -0.033318236 -0.128451079 -0.070260830 0.988662541
1548266480.007220 0.493052661 -0.094687790 0.354562908 -0.038826395 -0.127517179 -0.071201622 0.988515139
1548266480.040690 0.452610224 -0.095646635 0.332644820 -0.040911328 -0.110951476 -0.067709267 0.990672231
1548266480.074200 0.450270087 -0.069872394 0.332385212 -0.037196998 -0.104771897 -0.066347569 0.991583228
1548266480.107820 0.439805269 -0.074082226 0.330577552 -0.038751606 -0.098353229 -0.064472057 0.992304564
1548266480.141370 0.443295151 -0.074501976 0.332457691 -0.040041152 -0.092773810 -0.062171109 0.992937326
1548266480.174890 0.443046927 -0.068784028 0.342721164 -0.040184829 -0.088350028 -0.059634387 0.993490398
1548266480.208400 0.438849777 -0.063111708 0.340214998 -0.039644733 -0.083845496 -0.057840705 0.994008362
1548266480.241920 0.449388534 -0.042528689 0.340503216 -0.036809053 -0.079866417 -0.056555681 0.994518936
1548266480.275440 0.444553018 -0.029523710 0.343262076 -0.035641864 -0.075542651 -0.055336740 0.994967759
1548266480.308950 0.446893960 -0.046558544 0.340773731 -0.039309032 -0.074060284 -0.055964444 0.994905949
1548266480.342440 0.460496843 -0.042550620 0.344808459 -0.038741160 -0.070875041 -0.055897459 0.995163977
1548266480.375940 0.452355176 -0.033701386 0.348164946 -0.037425540 -0.066410303 -0.055535778 0.995542467
1548266480.409460 0.474953860 -0.052767515 0.341896385 -0.040733453 -0.064945951 -0.055623677 0.995504320
1548266480.442970 0.458922446 -0.034184713 0.347308278 -0.037516583 -0.054111298 -0.054777719 0.996325195
1548266480.476530 0.451297522 -0.031191263 0.347133905 -0.037681375 -0.048322424 -0.052701209 0.996728480
1548266480.510110 0.451973170 -0.020221999 0.334000289 -0.035528559 -0.042050358 -0.051054869 0.997177482
1548266480.543630 0.469048947 -0.028163129 0.349232525 -0.035993546 -0.037516255 -0.048331328 0.997477353
1548266480.577040 0.440721750 -0.018905172 0.350102544 -0.034767229 -0.029303368 -0.045088459 0.997947693
1548266480.610390 0.474374950 -0.025703602 0.345755458 -0.035582539 -0.031081278 -0.042881899 0.997962415
1548266480.643900 0.466016084 -0.030984594 0.355807304 -0.036629789 -0.024449412 -0.040756233 0.998198092
1548266480.677440 0.487909555 -0.016799815 0.350857884 -0.034074891 -0.022442481 -0.036936630 0.998484313
1548266480.710960 0.488146871 -0.016011635 0.349533558 -0.033937566 -0.017677641 -0.032623764 0.998734951
1548266480.744470 0.474695474 -0.036967985 0.349280357 -0.037578881 -0.011696274 -0.030601056 0.998756528
1548266480.777970 0.486480534 -0.036124691 0.343173444 -0.036776405 -0.010291472 -0.027551696 0.998890638
1548266480.811500 0.486980230 -0.046830807 0.345145285 -0.037656490 -0.005965982 -0.024333408 0.998976648
1548266480.845030 0.482992351 -0.046791285 0.344198853 -0.036651164 -0.001075199 -0.021042503 0.999105990
1548266480.878540 0.536635160 -0.045608062 0.359129280 -0.035309501 -0.007268127 -0.016452776 0.999214530
1548266480.912050 0.553673089 -0.047321372 0.355728090 -0.033730026 -0.007096898 -0.013331158 0.999316871
1548266480.945500 0.552522838 -0.045198556 0.353468746 -0.031285010 -0.003990126 -0.009275022 0.999459505
1548266480.978990 0.552758753 -0.054650027 0.350709498 -0.030913381 -0.000400018 -0.006577466 0.999500334
1548266481.012490 0.557264805 -0.064177811 0.350750208 -0.030248646 0.002870627 -0.003202122 0.999533176
1548266481.046010 0.564232290 -0.062388659 0.345378458 -0.028011359 0.006727631 -0.000264397 0.999584913
1548266481.079520 0.567594647 -0.071601450 0.347911686 -0.027547291 0.010919102 0.004845189 0.999549150
1548266481.113050 0.566540480 -0.084903270 0.342106998 -0.027136456 0.014207131 0.007954051 0.999499142
1548266481.146550 0.573885202 -0.069819093 0.338677078 -0.021555359 0.016193328 0.010544639 0.999580860
1548266481.180060 0.584401131 -0.076004088 0.336929470 -0.020220827 0.018686961 0.013672769 0.999527395
1548266481.213570 0.566311419 -0.087710328 0.336372435 -0.019328268 0.024267143 0.016743688 0.999378383
1548266481.247090 0.591812313 -0.094182372 0.324828923 -0.017066862 0.022350240 0.018808059 0.999427557
1548266481.280610 0.594862163 -0.095128015 0.320665240 -0.014748089 0.027684752 0.021660775 0.999273181
1548266481.314120 0.598194897 -0.086032659 0.322619557 -0.010779253 0.031327602 0.024564177 0.999149144
1548266481.347630 0.609970093 -0.081564955 0.319409996 -0.007859658 0.032223213 0.026014034 0.999111176
1548266481.381150 0.608075202 -0.084508419 0.320185989 -0.006167199 0.036766980 0.027368475 0.998929977
1548266481.414670 0.599334300 -0.096948430 0.315517068 -0.006226455 0.042322192 0.028747287 0.998670936
1548266481.448190 0.607389092 -0.098399520 0.309793651 -0.004285327 0.044964582 0.028869202 0.998562157
1548266481.481700 0.620550573 -0.102657214 0.307741404 -0.002927126 0.046896026 0.031381998 0.998402417
1548266481.515210 0.617203116 -0.093013920 0.303450048 0.001102357 0.051174201 0.031802744 0.998182654
1548266481.548720 0.600201845 -0.085540831 0.301629364 0.005052784 0.059147552 0.033730868 0.997666419
1548266481.582230 0.600151777 -0.096252903 0.304893434 0.005181482 0.061772402 0.034983467 0.997463524
1548266481.615740 0.599993467 -0.102408364 0.299876571 0.006241460 0.063867837 0.034470592 0.997343361
1548266481.649260 0.595631361 -0.093838096 0.303506225 0.009680201 0.066068828 0.036795303 0.997089386
1548266481.682790 0.618811309 -0.104922220 0.292627752 0.010153021 0.064406082 0.036692258 0.997197270
1548266481.716320 0.618506968 -0.106562942 0.292364091 0.011705395 0.068772092 0.038270608 0.996829331
1548266481.749820 0.614278078 -0.114705540 0.289759904 0.011797144 0.072767481 0.038274590 0.996544421
1548266481.783340 0.579589486 -0.118968152 0.292625368 0.013040837 0.078224428 0.038459189 0.996108294
1548266481.816860 0.613704920 -0.116066866 0.287484437 0.015572962 0.072398141 0.035321910 0.996628523
1548266481.850430 0.628662467 -0.125688121 0.288283825 0.015550439 0.074215867 0.035829529 0.996477008
1548266481.883960 0.611963868 -0.127492547 0.289523810 0.017261261 0.079322048 0.034482256 0.996102929
1548266481.917570 0.615872324 -0.139774844 0.291305661 0.017319269 0.081809036 0.034673609 0.995894134
1548266481.950780 0.612627983 -0.133927137 0.294422060 0.020509953 0.082674675 0.033251349 0.995810509
1548266481.984290 0.612192154 -0.142600194 0.290465742 0.020991422 0.085682288 0.032176480 0.995581567
1548266482.017970 0.609967828 -0.145506531 0.293875128 0.021921860 0.089786045 0.032898456 0.995176136
1548266482.051630 0.624153733 -0.135181040 0.301110119 0.024750799 0.083366171 0.033073366 0.995662451
1548266482.085150 0.660908699 -0.139162213 0.296297699 0.024326695 0.077746078 0.028519513 0.996268272
1548266482.118670 0.633147240 -0.136847556 0.312760264 0.024546595 0.083946072 0.029172098 0.995740712
1548266482.152150 0.618896306 -0.139612228 0.321230114 0.023633812 0.083793662 0.025524236 0.995875776
1548266482.185660 0.632531762 -0.137426794 0.320859134 0.023163322 0.081961453 0.021211805 0.996140480
1548266482.219180 0.620301068 -0.138695210 0.333642006 0.022665611 0.084718831 0.022019252 0.995903671
1548266482.252690 0.630364418 -0.132735699 0.340079218 0.023240346 0.080002144 0.019011244 0.996342361
1548266482.286210 0.626256108 -0.134286836 0.348683894 0.022244820 0.080072716 0.016909413 0.996397316
1548266482.319730 0.626468003 -0.135386735 0.355628729 0.021013716 0.078020565 0.014505298 0.996624708
1548266482.353240 0.626342893 -0.129643932 0.367000878 0.020025786 0.077064469 0.010784943 0.996766627
1548266482.386750 0.624228001 -0.135535508 0.370221287 0.017010501 0.076792680 0.010877127 0.996842623
1548266482.420260 0.620356143 -0.138813019 0.381337702 0.014130723 0.072855935 0.009985729 0.997192323
1548266482.453790 0.621211767 -0.135385841 0.390325248 0.011610357 0.068403803 0.008723925 0.997551978
1548266482.487310 0.624790251 -0.124406174 0.393026143 0.011204722 0.064718992 0.009895322 0.997791529
1548266482.520840 0.641001940 -0.128344193 0.397297174 0.008518577 0.060874991 0.010983963 0.998048604
1548266482.554360 0.638013422 -0.121974729 0.406776279 0.008136607 0.060931850 0.013593090 0.998016179
1548266482.587920 0.642609119 -0.129843324 0.409066528 0.005838137 0.058150664 0.013824314 0.998194993
1548266482.621440 0.649857104 -0.122770742 0.410794288 0.006356727 0.060241517 0.014328937 0.998060703
1548266482.654950 0.646684110 -0.126413211 0.421271622 0.004760045 0.062150948 0.016926715 0.997911870
1548266482.688470 0.640206099 -0.116427876 0.430026352 0.005278192 0.061842278 0.015484807 0.997951865
1548266482.721980 0.649188340 -0.125340089 0.427725166 0.002491165 0.060566768 0.012006486 0.998088837
1548266482.755520 0.650484920 -0.119616896 0.437317133 0.001939421 0.062792815 0.011839598 0.997954488
1548266482.789190 0.643778622 -0.112102658 0.436629236 0.001723193 0.061526518 0.012123862 0.998030365
1548266482.822700 0.646749735 -0.109623164 0.441170275 0.000207573 0.057452951 0.009527714 0.998302698
1548266482.856220 0.652317286 -0.110662542 0.443281740 -0.001653499 0.057223521 0.008285908 0.998325646
1548266482.889740 0.646910489 -0.109030910 0.448985219 -0.002904211 0.057740543 0.008786680 0.998288751
1548266482.923140 0.653095543 -0.107784867 0.451299280 -0.004293728 0.055064216 0.008000859 0.998441517
1548266482.956610 0.645567715 -0.102394894 0.455261976 -0.004751969 0.055343125 0.005247670 0.998442292
1548266482.990060 0.645468175 -0.106928118 0.457771152 -0.007307780 0.055129353 0.003884112 0.998444915
1548266483.023570 0.639239013 -0.107697673 0.455869615 -0.009210869 0.052988000 0.002991474 0.998548210
1548266483.057090 0.637467861 -0.099203825 0.459874570 -0.009912380 0.047348682 0.000259802 0.998829246
1548266483.090610 0.630298734 -0.106099688 0.463596195 -0.013438857 0.045782294 -0.002620445 0.998857617
1548266483.124120 0.638493121 -0.096533909 0.463912696 -0.013465966 0.039801762 -0.004027421 0.999108732
1548266483.157640 0.632927418 -0.101594858 0.467308432 -0.016201962 0.036977276 -0.008109462 0.999151826
1548266483.191150 0.627939880 -0.103632227 0.466719717 -0.017597606 0.034558419 -0.009807654 0.999199629
1548266483.224670 0.638461113 -0.103958540 0.469381779 -0.018058471 0.029863149 -0.011606745 0.999323487
1548266483.258190 0.628646433 -0.113461785 0.468822569 -0.019488266 0.028823644 -0.011995051 0.999322534
1548266483.291700 0.634021699 -0.112842120 0.469150096 -0.018602813 0.025028421 -0.013644598 0.999420524
1548266483.325150 0.625922620 -0.109689623 0.471664935 -0.016893763 0.025094800 -0.013493367 0.999451220
1548266483.358670 0.619464934 -0.106497593 0.470890135 -0.014827402 0.023738910 -0.014002660 0.999510169
1548266483.392180 0.624775946 -0.120806031 0.467597216 -0.015595274 0.021715272 -0.015102318 0.999528468
1548266483.425700 0.632025003 -0.118171759 0.464587420 -0.013418800 0.019525418 -0.015047081 0.999606073
1548266483.459220 0.619127333 -0.113174140 0.464934647 -0.011377103 0.020767504 -0.015596375 0.999597907
1548266483.492680 0.630092561 -0.109747231 0.461770684 -0.009597083 0.017841987 -0.015906708 0.999668241
1548266483.526030 0.626355648 -0.109608613 0.459808618 -0.008734576 0.017115274 -0.015657736 0.999692738
1548266483.559540 0.634480119 -0.113174006 0.454813570 -0.008952831 0.014640138 -0.017257007 0.999703825
1548266483.593060 0.637673616 -0.110471986 0.452197969 -0.008105744 0.014165161 -0.018092619 0.999703109
1548266483.626650 0.630754709 -0.109824590 0.452871233 -0.008027134 0.015623669 -0.018309724 0.999678075
1548266483.660190 0.634777427 -0.105456032 0.452428401 -0.007375671 0.015323012 -0.018073203 0.999692023
1548266483.693690 0.632139146 -0.102278724 0.453171521 -0.007074235 0.015688121 -0.018229404 0.999685705
1548266483.727160 0.636812150 -0.107697383 0.450317353 -0.008468848 0.015390049 -0.018483004 0.999674857
1548266483.760670 0.636992097 -0.106119722 0.448013633 -0.008761181 0.016372699 -0.017357215 0.999676883
1548266483.794190 0.635698438 -0.099169128 0.448856860 -0.008517375 0.016517667 -0.017609837 0.999672174
1548266483.827730 0.634410322 -0.099350959 0.448491782 -0.009496173 0.016498750 -0.017924489 0.999658108
1548266483.861270 0.641010702 -0.097100280 0.447523713 -0.010007127 0.014879870 -0.017848445 0.999679863
1548266483.894800 0.640857875 -0.100671448 0.447899938 -0.011415558 0.015131249 -0.018009141 0.999658167
1548266483.928320 0.637974262 -0.101663038 0.446671426 -0.012145304 0.015514450 -0.017204359 0.999657810
1548266483.961830 0.646610916 -0.100108109 0.446499079 -0.012180466 0.014375740 -0.016648699 0.999683857
1548266483.995350 0.637980998 -0.104534678 0.445197880 -0.013146469 0.016188681 -0.015751518 0.999658406
1548266484.028920 0.640525222 -0.106854416 0.445616931 -0.013608692 0.015781391 -0.015113774 0.999668598
1548266484.062470 0.638931453 -0.108190171 0.443915397 -0.013625687 0.016506700 -0.014161890 0.999670565
1548266484.096430 0.643999755 -0.100617319 0.442601800 -0.012076093 0.015773738 -0.013448075 0.999712169
1548266484.130030 0.643633306 -0.099771440 0.439674675 -0.011881807 0.016601278 -0.013093671 0.999705851
1548266484.163540 0.642668366 -0.097781464 0.438694328 -0.011498692 0.016061397 -0.013302483 0.999716341
1548266484.197060 0.643361449 -0.093262881 0.438787729 -0.011076017 0.015827905 -0.014675813 0.999705672
1548266484.230580 0.642470837 -0.093995064 0.437277168 -0.011610134 0.015468935 -0.015749373 0.999688864
1548266484.264090 0.640076280 -0.092460200 0.435663313 -0.011921808 0.014454005 -0.016707921 0.999684870
1548266484.297610 0.642090321 -0.098246180 0.432301551 -0.013344193 0.013463587 -0.017865755 0.999660671
1548266484.331040 0.643521488 -0.096277006 0.432917982 -0.013407551 0.013369076 -0.018522328 0.999649107
1548266484.364560 0.638328671 -0.094169468 0.432257622 -0.013394292 0.014142954 -0.018279567 0.999643147
1548266484.398080 0.640116274 -0.095645435 0.431552023 -0.013694900 0.012886128 -0.018130774 0.999658763
1548266484.431590 0.643553019 -0.100726090 0.429746598 -0.014409637 0.012817021 -0.018237848 0.999647677
1548266484.465110 0.637957752 -0.105027288 0.429398239 -0.014585909 0.015394501 -0.016910985 0.999632061
1548266484.498300 0.634110510 -0.104251556 0.429048985 -0.013391915 0.015547723 -0.014984337 0.999677122
1548266484.531770 0.641672313 -0.111702777 0.425924778 -0.013343013 0.014386631 -0.015521080 0.999686956
