1548266469.886330 0.000000000 0.000000000 0.000000000 0.000000000 0.000000000 0.000000000 1.000000000
1548266469.919590 0.004049336 0.002815598 -0.007334811 0.003348478 -0.003978331 0.001817692 0.999984801
1548266469.952710 0.010007000 -0.007156066 -0.016781336 0.004045025 -0.006788285 0.001362232 0.999967873
1548266469.986230 0.011317377 -0.007114687 -0.027824614 0.006717203 -0.007877989 0.003347615 0.999940813
1548266470.019750 0.032680675 0.009196181 -0.037392370 0.012981833 -0.016126500 0.004953013 0.999773443
1548266470.053260 0.042119835 0.004646488 -0.037595987 0.013694004 -0.018418929 0.001297505 0.999735713
1548266470.086930 0.043844201 0.003566010 -0.048067931 0.014296791 -0.017780012 0.003979133 0.999731779
1548266470.120440 0.048537742 -0.000710210 -0.056092244 0.014994629 -0.021784134 0.003477643 0.999644220
1548266470.153960 0.055209700 0.000664237 -0.060184557 0.016207701 -0.022941031 0.001402597 0.999604464
1548266470.187470 0.052791946 -0.001030308 -0.066941723 0.015857494 -0.023001784 0.002445990 0.999606669
1548266470.220840 0.033896476 -0.003653824 -0.070177078 0.015720243 -0.024077147 -0.000207710 0.999586463
1548266470.254360 0.018662984 -0.013698011 -0.069988601 0.013774293 -0.021403516 -0.002347760 0.999673247
1548266470.287840 0.021721069 -0.012958828 -0.073352031 0.013341884 -0.021763837 -0.002104918 0.999671876
1548266470.321360 0.030191891 -0.009104719 -0.075400583 0.013414735 -0.024619911 -0.003159954 0.999601901
1548266470.354880 0.035803594 -0.009575932 -0.079804264 0.013019011 -0.023762466 -0.004747306 0.999621570
1548266470.388390 0.038254239 -0.012325651 -0.088236153 0.012159906 -0.022863334 -0.003326327 0.999659121
1548266470.421910 0.041488282 -0.012624908 -0.094667040 0.012634324 -0.026613206 -0.004258454 0.999556899
1548266470.455420 0.054451440 -0.011351942 -0.098816842 0.013141373 -0.029616177 -0.006552212 0.999453485
1548266470.488900 0.059845351 -0.015450049 -0.101447098 0.012511916 -0.028823078 -0.006433581 0.999485493
1548266470.522400 0.052309100 -0.005484126 -0.111693285 0.015310642 -0.030110434 -0.006609815 0.999407470
1548266470.555920 0.067282207 -0.010629608 -0.112841763 0.015969465 -0.035948820 -0.008733449 0.999187887
1548266470.589440 0.069660708 0.003076979 -0.126995593 0.019233774 -0.037425734 -0.010008918 0.999064147
1548266470.622960 0.081664652 0.000012526 -0.132550597 0.020013986 -0.041882958 -0.010251152 0.998869419
1548266470.656490 0.091488548 0.005683942 -0.135836869 0.022756394 -0.046871170 -0.011266948 0.998578131
1548266470.690030 0.101637453 0.008577635 -0.142333210 0.024414739 -0.049300741 -0.012249900 0.998410344
1548266470.723520 0.100771546 0.009321210 -0.151495561 0.025291130 -0.049832337 -0.012164376 0.998363197
1548266470.757030 0.114345811 0.011886354 -0.150725126 0.026172815 -0.053071689 -0.013281505 0.998159289
1548266470.790550 0.109324940 0.006088222 -0.159349605 0.024197962 -0.050907101 -0.014371434 0.998306751
1548266470.824090 0.121166952 0.018734889 -0.161391780 0.024421198 -0.051788472 -0.013873754 0.998263001
1548266470.857610 0.134812862 0.008983624 -0.166679114 0.021575483 -0.055315368 -0.015097918 0.998121619
1548266470.891100 0.149399310 0.032163173 -0.165650398 0.022972425 -0.056233410 -0.016215794 0.998021603
1548266470.924620 0.160932913 0.032134969 -0.169720620 0.020337222 -0.056156855 -0.016162518 0.998083949
1548266470.958130 0.153273970 0.033165760 -0.171246916 0.017641582 -0.055541907 -0.018208817 0.998134434
1548266470.991650 0.169043452 0.037519515 -0.170426041 0.015601926 -0.055974301 -0.019965576 0.998110652
1548266471.025190 0.178918004 0.051427901 -0.170183435 0.014266285 -0.055131398 -0.020156784 0.998173714
1548266471.058680 0.182407156 0.046511393 -0.171790689 0.010290302 -0.054802217 -0.022442106 0.998191953
1548266471.092190 0.188465416 0.053749859 -0.173235908 0.007489508 -0.055481154 -0.024684669 0.998126447
1548266471.125710 0.192365468 0.058341857 -0.174265146 0.003957988 -0.054551680 -0.027158735 0.998133659
1548266471.159230 0.202984497 0.051208388 -0.173138842 -0.001642253 -0.056483664 -0.026820090 0.998041868
1548266471.192740 0.209179595 0.063115925 -0.172581509 -0.003404409 -0.060040466 -0.029298527 0.997760057
1548266471.226260 0.211680874 0.073334537 -0.174197823 -0.004834298 -0.059121966 -0.031749181 0.997734070
1548266471.259770 0.209866017 0.072016209 -0.174576774 -0.007870888 -0.059123293 -0.031380404 0.997726321
1548266471.293280 0.215385616 0.087131187 -0.175321251 -0.007641278 -0.062076114 -0.034397040 0.997449219
1548266471.326790 0.215970337 0.094639502 -0.176393434 -0.008592142 -0.059232127 -0.037886262 0.997488022
1548266471.360310 0.201463565 0.117710672 -0.172371656 -0.006990562 -0.057765715 -0.037915118 0.997585416
1548266471.393820 0.222323224 0.138120756 -0.171453372 -0.005097130 -0.061150163 -0.042465109 0.997211814
1548266471.427350 0.202954099 0.125863209 -0.167080432 -0.008044279 -0.054173879 -0.045174059 0.997476697
1548266471.460810 0.184055805 0.126588717 -0.173255965 -0.009766575 -0.050661575 -0.041525915 0.997804403
1548266471.494190 0.204238132 0.130986944 -0.168981880 -0.009161929 -0.057865761 -0.042960577 0.997357488
1548266471.527710 0.219903156 0.123993680 -0.175988540 -0.010269032 -0.059183270 -0.044578172 0.997198403
1548266471.561220 0.203538209 0.141816422 -0.171128988 -0.007364425 -0.051711261 -0.042590287 0.997726321
1548266471.594950 0.184821203 0.147110924 -0.164797068 -0.006585812 -0.045369685 -0.041437775 0.998088717
1548266471.628250 0.207297415 0.154718474 -0.163689882 -0.004848843 -0.047677480 -0.040203750 0.998041570
1548266471.661710 0.233205453 0.160408661 -0.162350222 -0.003456465 -0.049528901 -0.039101738 0.998001039
1548266471.695190 0.227120981 0.154255986 -0.164370209 -0.004906505 -0.049452268 -0.036270484 0.998105645
1548266471.728740 0.180467218 0.165827781 -0.168183222 -0.003634656 -0.055223446 -0.034325462 0.997877240
1548266471.762320 0.247705385 0.164738089 -0.167664483 -0.003550013 -0.073208638 -0.036890917 0.996627808
1548266471.796120 0.268915117 0.148713291 -0.164129138 -0.007231880 -0.073730931 -0.035620909 0.996615589
1548266471.829690 0.212082773 0.162540346 -0.161023006 -0.006259307 -0.070278428 -0.032828368 0.996967435
1548266471.863210 0.263552606 0.140222624 -0.170818657 -0.010394097 -0.089909039 -0.035630718 0.995258152
1548266471.896730 0.257982105 0.144083723 -0.158886895 -0.010901722 -0.094983101 -0.036380488 0.994754136
1548266471.930180 0.244484290 0.134852394 -0.154848829 -0.013309183 -0.096573077 -0.036086783 0.994582474
1548266471.963760 0.274842799 0.128419220 -0.146846995 -0.014500543 -0.107161671 -0.037480991 0.993429065
1548266471.997270 0.266039997 0.132657424 -0.137576804 -0.012896463 -0.105180867 -0.042810027 0.993447483
1548266472.030760 0.244573414 0.119548619 -0.144780114 -0.016147517 -0.100164957 -0.037443690 0.994134903
1548266472.064280 0.242789596 0.140722871 -0.133131742 -0.011169737 -0.105356701 -0.037643239 0.993658960
1548266472.097760 0.224607706 0.144957274 -0.127044082 -0.007444690 -0.101590052 -0.040728133 0.993964434
1548266472.131280 0.217329517 0.155412152 -0.124778256 -0.005110986 -0.097857133 -0.034398232 0.994592726
1548266472.164830 0.228524029 0.133050263 -0.131810918 -0.005686698 -0.102339953 -0.034565318 0.994132519
1548266472.198370 0.252588809 0.121578209 -0.133091211 -0.003898509 -0.107612416 -0.034841496 0.993574560
1548266472.231890 0.238928944 0.118862763 -0.139276817 -0.001534754 -0.101821043 -0.033740539 0.994229198
1548266472.265600 0.204548717 0.100264512 -0.135050863 -0.001818815 -0.099134699 -0.030730924 0.994597733
1548266472.299120 0.244477063 0.097479723 -0.129537389 0.002610769 -0.109964788 -0.030419305 0.993466437
1548266472.332410 0.237930730 0.090250008 -0.132001415 0.005175546 -0.107490204 -0.027715048 0.993806303
1548266472.366150 0.264189512 0.053048436 -0.134476259 0.002909082 -0.113275297 -0.024283614 0.993262589
1548266472.399440 0.269004911 0.050035160 -0.135734513 0.007722071 -0.119966686 -0.023676388 0.992465496
1548266472.432950 0.268154770 0.059297223 -0.124733180 0.012312326 -0.117416188 -0.021536181 0.992772877
1548266472.466360 0.254908293 0.027508114 -0.136535406 0.009622767 -0.114750244 -0.019699926 0.993152380
1548266472.499990 0.241438940 0.021950491 -0.130870387 0.013018693 -0.115207084 -0.021123957 0.993031561
1548266472.533120 0.263376892 0.045115028 -0.126603037 0.018804025 -0.114767008 -0.018155815 0.993048489
1548266472.566560 0.240938336 0.041552600 -0.127411813 0.020379623 -0.108377546 -0.015182209 0.993784904
1548266472.600150 0.249775603 0.029505296 -0.119984269 0.021256618 -0.109593727 -0.012500773 0.993670523
1548266472.634070 0.247500122 0.028748538 -0.120026633 0.024935696 -0.108612068 -0.012521784 0.993692517
1548266472.667590 0.239585355 0.010743989 -0.118291482 0.025665792 -0.103232980 -0.010278631 0.994272888
1548266472.701040 0.235192522 0.015516783 -0.131384909 0.029354636 -0.103374802 -0.007169172 0.994183362
1548266472.734550 0.219440624 0.010231488 -0.127374873 0.033428907 -0.101188257 -0.010094922 0.994254291
1548266472.767970 0.252659440 -0.009616981 -0.128181055 0.033749502 -0.100042537 -0.008273368 0.994376183
1548266472.801580 0.284877509 -0.030754017 -0.117982604 0.032614760 -0.105083458 -0.005740327 0.993911862
1548266472.835100 0.271794826 -0.025657916 -0.118624553 0.036763240 -0.104293019 -0.006274426 0.993847072
1548266472.868520 0.258807063 -0.026942819 -0.120173827 0.039752167 -0.097192109 -0.007007410 0.994446754
1548266472.902030 0.256881297 -0.039950971 -0.119550616 0.038365290 -0.094288804 -0.003447443 0.994799376
1548266472.935550 0.263753623 -0.035765361 -0.115716107 0.040802181 -0.097105853 -0.002223610 0.994434834
1548266472.969070 0.276336163 -0.044808481 -0.104975276 0.042299841 -0.097067721 -0.005370601 0.994363964
1548266473.002510 0.249939352 -0.050365247 -0.112723969 0.041107431 -0.087458298 -0.000106851 0.995319664
1548266473.036100 0.236076906 -0.048458427 -0.105194248 0.042219389 -0.084991492 0.002193762 0.995484412
1548266473.069610 0.241375342 -0.058509879 -0.098069668 0.043137077 -0.084739193 0.001096784 0.995468378
1548266473.103060 0.224507168 -0.068833604 -0.102124006 0.041783705 -0.076670051 0.004315640 0.996171296
1548266473.136500 0.225659981 -0.066400558 -0.091371104 0.042292595 -0.076682076 0.007826738 0.996127486
1548266473.170020 0.212155730 -0.077102385 -0.092947260 0.042104442 -0.074601538 0.007870526 0.996293068
1548266473.203530 0.232974127 -0.084468134 -0.081309460 0.041237853 -0.074352860 0.010732396 0.996321201
1548266473.237020 0.233508974 -0.090012491 -0.075808384 0.040900297 -0.074609011 0.012279697 0.996298075
1548266473.270530 0.229029119 -0.102430701 -0.071518637 0.039970543 -0.074647658 0.012498979 0.996330202
1548266473.304020 0.208069444 -0.092354201 -0.070334382 0.042825911 -0.067984164 0.013581689 0.996674299
1548266473.337480 0.190582439 -0.097478911 -0.065806508 0.042524494 -0.063817516 0.015438083 0.996935666
1548266473.370990 0.211224824 -0.101713777 -0.059533939 0.042003766 -0.065613262 0.017347641 0.996809721
1548266473.404510 0.216844335 -0.111230254 -0.054434668 0.040438067 -0.064670429 0.018272439 0.996919572
1548266473.438080 0.209901184 -0.111024842 -0.048870578 0.039592490 -0.064092331 0.019074921 0.996975780
1548266473.471600 0.211149126 -0.102016494 -0.045944709 0.039822161 -0.062317081 0.018196911 0.997095585
1548266473.505130 0.220295593 -0.116201393 -0.037293781 0.035735771 -0.061185695 0.020709347 0.997271478
1548266473.538640 0.207670569 -0.121279247 -0.031199649 0.033719134 -0.061000064 0.022172833 0.997321606
1548266473.572160 0.192523628 -0.123464458 -0.021697907 0.031694096 -0.060065124 0.021996778 0.997448623
1548266473.605680 0.176719204 -0.117145129 -0.013062848 0.030775018 -0.056951329 0.022157213 0.997656524
1548266473.639210 0.181849808 -0.122013681 -0.007357891 0.028910669 -0.056905810 0.022478621 0.997707665
1548266473.672720 0.160407484 -0.124432862 0.000859013 0.027023101 -0.053817697 0.024546988 0.997883201
1548266473.706240 0.152618125 -0.123582199 0.009531218 0.026428711 -0.056030281 0.022957647 0.997815132
1548266473.739800 0.150682136 -0.129191175 0.013007634 0.025023285 -0.057351273 0.022521701 0.997786283
1548266473.773720 0.156897709 -0.113881350 0.020159690 0.026178198 -0.061672855 0.022688815 0.997495055
1548266473.807310 0.157969430 -0.114027917 0.021840988 0.025078205 -0.061885480 0.020424066 0.997559071
1548266473.840830 0.141428694 -0.105426326 0.029026138 0.024927791 -0.058647279 0.019004485 0.997786522
1548266473.874350 0.148822099 -0.099818043 0.035217304 0.024890086 -0.060740944 0.015861843 0.997717142
1548266473.907860 0.163869187 -0.104728989 0.037188422 0.022838734 -0.060534634 0.011636418 0.997836947
1548266473.941380 0.132817239 -0.102939881 0.048386294 0.020431507 -0.054506943 0.009200292 0.998261929
1548266473.974890 0.127750382 -0.095485203 0.054450274 0.019514389 -0.055097986 0.006359603 0.998269975
1548266474.008410 0.125313550 -0.086854130 0.058533270 0.019137839 -0.053717792 0.003027208 0.998368144
1548266474.041840 0.129889295 -0.084505886 0.065829381 0.016965995 -0.052994151 0.002051597 0.998448551
1548266474.075000 0.130408004 -0.084571451 0.076409653 0.013436934 -0.052696474 0.000934037 0.998519719
1548266474.108510 0.119193755 -0.080720916 0.089003794 0.011338801 -0.051174283 -0.002224464 0.998622894
1548266474.142030 0.110967055 -0.080297537 0.097798593 0.007947020 -0.049154062 -0.002804622 0.998755693
1548266474.175550 0.134907499 -0.080426119 0.105484292 0.003749111 -0.053265728 -0.003661312 0.998566628
1548266474.209060 0.141146615 -0.080979839 0.117369860 -0.000083202 -0.055391461 -0.004715858 0.998453557
1548266474.242580 0.132777020 -0.074202091 0.128560156 -0.002643203 -0.054009952 -0.005727930 0.998520494
1548266474.276030 0.113579147 -0.060919840 0.139344141 -0.004165806 -0.052438919 -0.005596995 0.998599768
1548266474.309280 0.130744874 -0.053776581 0.150790825 -0.006421199 -0.055279467 -0.007458794 0.998422384
1548266474.343060 0.124234788 -0.068064392 0.162570462 -0.013533010 -0.054298341 -0.007317692 0.998406231
1548266474.376640 0.123042986 -0.067465022 0.177990705 -0.017656237 -0.055991158 -0.008839699 0.998236001
1548266474.410350 0.124620773 -0.062598228 0.190082833 -0.020203546 -0.057804003 -0.009027800 0.998082638
1548266474.443860 0.123875745 -0.065979503 0.201065585 -0.023686942 -0.060545243 -0.009262680 0.997841358
1548266474.477380 0.135068804 -0.062266510 0.209864661 -0.025452252 -0.064348020 -0.010780973 0.997544646
1548266474.510900 0.131640628 -0.059698228 0.221696183 -0.027565362 -0.064234406 -0.010900445 0.997494519
1548266474.544410 0.138770118 -0.069105074 0.236791909 -0.031641778 -0.067426026 -0.010834909 0.997163534
1548266474.577930 0.152141467 -0.072295740 0.249394268 -0.033202734 -0.071963385 -0.013011874 0.996769547
1548266474.610930 0.160377473 -0.064332679 0.254097104 -0.033371851 -0.072035462 -0.014752347 0.996734440
1548266474.644390 0.163016930 -0.068346396 0.270253897 -0.035928421 -0.071995892 -0.014916690 0.996645987
1548266474.677740 0.160378218 -0.069380902 0.279105872 -0.037307147 -0.072424307 -0.015977375 0.996547818
1548266474.711260 0.164263576 -0.067807503 0.289551258 -0.038126767 -0.072831370 -0.017715570 0.996457756
1548266474.744780 0.167840213 -0.064927220 0.299529970 -0.038761329 -0.072143942 -0.017522251 0.996486723
1548266474.778290 0.175948262 -0.080843233 0.315278888 -0.042444833 -0.074752539 -0.017287148 0.996148407
1548266474.811810 0.181935176 -0.076755598 0.329349041 -0.042758927 -0.078935005 -0.017003762 0.995817184
1548266474.845320 0.211048976 -0.078696005 0.336233586 -0.043366965 -0.083253451 -0.019452367 0.995394289
1548266474.878830 0.209104046 -0.088220999 0.349047512 -0.047334660 -0.081777915 -0.019014234 0.995344281
1548266474.912350 0.213893235 -0.088153981 0.358043313 -0.048337638 -0.084337734 -0.020225560 0.995058537
1548266474.945860 0.235015377 -0.080202132 0.364741176 -0.047386669 -0.086734824 -0.023864061 0.994817615
1548266474.979380 0.228208408 -0.078652151 0.378352284 -0.048819207 -0.083274104 -0.023800597 0.995045543
1548266475.012920 0.230811447 -0.084679574 0.386379451 -0.050590806 -0.084198125 -0.025081575 0.994847775
1548266475.046490 0.239680707 -0.084590487 0.396253496 -0.051093206 -0.085621566 -0.027065452 0.994648635
1548266475.080120 0.233311564 -0.071278602 0.401329875 -0.050156709 -0.082588270 -0.028676340 0.994907618
1548266475.113660 0.237530008 -0.071685225 0.408616304 -0.051440209 -0.084084854 -0.029809589 0.994683385
1548266475.147180 0.249521181 -0.071187906 0.413858235 -0.052575946 -0.088401556 -0.032238521 0.994173825
1548266475.180690 0.272066116 -0.069164462 0.426081777 -0.053783081 -0.092664853 -0.034250718 0.993653595
1548266475.214210 0.259706438 -0.063865595 0.430045247 -0.054951217 -0.090042040 -0.036515068 0.993750215
1548266475.247900 0.263810962 -0.076790743 0.441647530 -0.059612483 -0.092923366 -0.038158044 0.993154347
1548266475.281420 0.269385725 -0.059790291 0.446022630 -0.058212835 -0.097175062 -0.040510066 0.992737234
1548266475.314940 0.272031844 -0.056514118 0.454536855 -0.060536288 -0.100167327 -0.042677466 0.992209911
1548266475.348450 0.277856052 -0.057325706 0.463246882 -0.064123496 -0.104569122 -0.045530539 0.991403282
1548266475.382340 0.286671966 -0.055925250 0.472744077 -0.067442432 -0.109013274 -0.048710883 0.990552783
1548266475.415920 0.291198790 -0.045865215 0.479444593 -0.069641046 -0.111301318 -0.051794078 0.989989638
1548266475.449430 0.301020414 -0.045102544 0.488746107 -0.073809363 -0.113247916 -0.053846695 0.989357173
1548266475.482950 0.312719852 -0.046937723 0.499071866 -0.078948364 -0.116933197 -0.053465016 0.988552094
1548266475.516400 0.296186060 -0.034351725 0.501188934 -0.080216758 -0.117746241 -0.055080038 0.988264799
1548266475.549920 0.302268714 -0.028103957 0.505050182 -0.081579491 -0.120074876 -0.056498125 0.987792909
1548266475.583560 0.298465222 -0.022564158 0.511111915 -0.083563209 -0.118207164 -0.057061762 0.987819910
1548266475.616580 0.311052352 -0.020589229 0.516297102 -0.085645571 -0.119382650 -0.056516267 0.987531543
1548266475.650100 0.323495328 -0.016065536 0.519782901 -0.086407743 -0.119457610 -0.055333514 0.987523079
1548266475.683610 0.332820177 -0.011322938 0.522953868 -0.087211899 -0.120684132 -0.053001579 0.987431169
1548266475.717130 0.328582019 -0.006102113 0.522199988 -0.087737948 -0.124353372 -0.051317517 0.987018168
1548266475.750510 0.340241939 -0.029891746 0.526675463 -0.091514274 -0.130554646 -0.049629040 0.985960245
1548266475.784000 0.357015133 -0.032568067 0.529601991 -0.091388799 -0.134694487 -0.046722386 0.985556960
1548266475.817510 0.327687562 -0.045198113 0.520670295 -0.094135359 -0.136258230 -0.043833762 0.985216141
1548266475.851030 0.367067575 -0.041674200 0.521472752 -0.091688290 -0.147126347 -0.043074738 0.983916521
1548266475.884540 0.375171751 -0.036430623 0.514695466 -0.088590495 -0.145754367 -0.040034320 0.984532714
1548266475.918060 0.357197106 -0.037313733 0.512689352 -0.087479733 -0.145835787 -0.038746290 0.984671474
1548266475.951600 0.379408687 -0.048243217 0.501542807 -0.086814404 -0.153074294 -0.037228353 0.983689785
1548266475.985540 0.392027378 -0.043291673 0.492835283 -0.083157703 -0.153975084 -0.036007009 0.983910561
1548266476.019110 0.408354789 -0.062839575 0.498545736 -0.085821845 -0.157851472 -0.032957338 0.983174086
1548266476.052570 0.398005307 -0.063112214 0.486017227 -0.083378315 -0.161780298 -0.032372765 0.982765079
1548266476.085640 0.429174781 -0.056620806 0.477613658 -0.078946456 -0.164840877 -0.032839704 0.982607007
1548266476.119450 0.435605437 -0.072527573 0.475436240 -0.080730706 -0.165142432 -0.028433429 0.982548773
1548266476.153120 0.425874650 -0.078554489 0.459626585 -0.079872668 -0.169084445 -0.027456358 0.981976032
1548266476.186690 0.426644504 -0.072829798 0.453417420 -0.075506285 -0.173218161 -0.027017174 0.981613159
1548266476.220210 0.444607824 -0.086493760 0.456231654 -0.075063393 -0.177643299 -0.025021274 0.980908871
1548266476.253720 0.428711176 -0.092269510 0.434259772 -0.073116831 -0.179617226 -0.023345413 0.980737805
1548266476.287240 0.440432787 -0.105956726 0.439233541 -0.072658576 -0.187637135 -0.022189183 0.979296029
1548266476.320750 0.460654348 -0.106983915 0.429442555 -0.069116339 -0.195848793 -0.021187186 0.977965891
1548266476.354060 0.451620817 -0.103221394 0.416921526 -0.065577589 -0.198515952 -0.020082576 0.977695107
1548266476.387390 0.464729518 -0.131192192 0.411132425 -0.068571970 -0.204723597 -0.019580705 0.976218581
1548266476.420900 0.470898002 -0.127989709 0.409491122 -0.064703211 -0.211821616 -0.020089567 0.974957168
1548266476.454420 0.487056285 -0.135893106 0.405917287 -0.061806928 -0.217165589 -0.020857913 0.973952770
1548266476.487920 0.473156661 -0.150253773 0.385928631 -0.061128452 -0.216520891 -0.019884141 0.974159479
1548266476.521410 0.482608020 -0.172556967 0.376978904 -0.060920633 -0.223511860 -0.019369747 0.972602665
1548266476.554950 0.474390417 -0.147058874 0.370666742 -0.050521486 -0.229187593 -0.021419540 0.971834242
1548266476.588460 0.481401473 -0.150221869 0.359880418 -0.047054514 -0.231538385 -0.021028796 0.971459508
1548266476.621960 0.492952943 -0.152538359 0.349113524 -0.044331361 -0.238919690 -0.018899558 0.969842732
1548266476.655480 0.499275088 -0.139060423 0.340969056 -0.036719732 -0.248141915 -0.019167675 0.967837691
1548266476.688990 0.475086391 -0.133379370 0.331922144 -0.031277668 -0.250158519 -0.022639429 0.967434704
1548266476.722530 0.461589396 -0.141846746 0.314224601 -0.029878212 -0.250626177 -0.024578398 0.967310548
1548266476.756050 0.450833946 -0.167307690 0.306986451 -0.032130647 -0.251024038 -0.023683695 0.967157483
1548266476.789560 0.449586689 -0.196628347 0.308430403 -0.034018923 -0.255327314 -0.024642611 0.965941727
1548266476.823100 0.449004173 -0.186961934 0.306437284 -0.029021835 -0.259605557 -0.028708640 0.964851558
1548266476.856590 0.429506272 -0.206801921 0.290831983 -0.030188596 -0.259695321 -0.029714711 0.964761138
1548266476.890110 0.444810003 -0.187519684 0.301865727 -0.024607178 -0.266309649 -0.030382900 0.963094234
1548266476.923630 0.451281756 -0.179634303 0.292738408 -0.021427412 -0.269643724 -0.029709743 0.962263167
1548266476.957140 0.457495332 -0.179563314 0.292337000 -0.020730935 -0.277418882 -0.028665243 0.960097551
1548266476.990660 0.423348457 -0.216090158 0.280749440 -0.024757585 -0.279022336 -0.031504292 0.959448338
1548266477.024170 0.412421405 -0.241671026 0.277557552 -0.028000657 -0.283525258 -0.031098843 0.958051264
1548266477.057690 0.420115143 -0.221789956 0.261300087 -0.022926601 -0.293132067 -0.033512775 0.955209315
1548266477.091240 0.413799524 -0.221135080 0.273129553 -0.021627210 -0.298976690 -0.034980152 0.953373790
1548266477.124770 0.419559538 -0.208599418 0.272042453 -0.019068494 -0.302812129 -0.034894016 0.952220380
1548266477.158270 0.397627443 -0.212973014 0.261306077 -0.019216668 -0.304474056 -0.036558565 0.951624751
1548266477.191790 0.363456517 -0.242047727 0.239875481 -0.020402085 -0.308818281 -0.042617939 0.949946702
1548266477.225310 0.371413261 -0.253124714 0.255543888 -0.019860525 -0.318420529 -0.044343885 0.946703494
1548266477.258820 0.384857684 -0.241322622 0.254808962 -0.015076296 -0.325568110 -0.046947401 0.944231987
1548266477.292220 0.369355023 -0.225244030 0.252117991 -0.009716379 -0.330197990 -0.050837006 0.942491651
1548266477.325740 0.363951713 -0.217844456 0.249945238 -0.005701548 -0.337387711 -0.054552220 0.939766526
1548266477.359450 0.368748724 -0.252454221 0.249775589 -0.008994699 -0.343895584 -0.057773240 0.937185764
1548266477.393320 0.353726029 -0.245741025 0.231209442 -0.006527703 -0.345787495 -0.060658123 0.936327398
1548266477.426840 0.354767263 -0.247782260 0.243283883 -0.004834067 -0.355198622 -0.064481437 0.932551742
1548266477.460360 0.384039074 -0.250650853 0.267651141 -0.003033196 -0.364480764 -0.068697073 0.928668559
1548266477.493870 0.387199610 -0.250815690 0.266511500 -0.003269226 -0.366982192 -0.069591127 0.927615464
1548266477.527390 0.379270345 -0.252353221 0.254259527 -0.003747162 -0.370787293 -0.070279375 0.926047266
1548266477.560740 0.379520953 -0.262052000 0.274060458 -0.003995746 -0.379294664 -0.073617801 0.922334015
1548266477.594260 0.376731724 -0.272236586 0.275506884 -0.006005884 -0.382094562 -0.075105995 0.921046555
1548266477.627760 0.377884120 -0.277149379 0.277161390 -0.007260634 -0.386489779 -0.075270690 0.919188380
1548266477.661270 0.360554367 -0.264469087 0.253924042 -0.005325577 -0.388661653 -0.076438986 0.918188870
1548266477.694810 0.380472183 -0.276808262 0.282554537 -0.007818602 -0.400505573 -0.077212870 0.913001835
1548266477.728320 0.379016072 -0.279386431 0.275593430 -0.009093841 -0.403709203 -0.078057453 0.911505997
1548266477.761840 0.367031336 -0.269685209 0.271072984 -0.008345122 -0.408265650 -0.079473697 0.909358799
1548266477.795360 0.373848081 -0.278952330 0.282611400 -0.008661498 -0.415940851 -0.083893716 0.905472279
1548266477.828850 0.369171262 -0.279577643 0.279646397 -0.008804878 -0.417454600 -0.085519753 0.904621780
1548266477.862350 0.373945683 -0.283891141 0.281447977 -0.009992708 -0.421729058 -0.085528336 0.902623773
1548266477.895850 0.371689439 -0.286600649 0.282861978 -0.008589143 -0.427889526 -0.089475214 0.899350286
1548266477.929360 0.372613758 -0.295591354 0.287513286 -0.008629964 -0.429821938 -0.092090026 0.898163736
1548266477.962840 0.372093588 -0.293381453 0.281686008 -0.007365994 -0.430709094 -0.092492148 0.897708535
1548266477.996360 0.373453766 -0.296886832 0.278472066 -0.005760212 -0.433243632 -0.096026294 0.896128178
1548266478.029870 0.371522009 -0.279309750 0.277281582 -0.002035207 -0.433665127 -0.097479887 0.895783484
1548266478.063430 0.379255742 -0.289551854 0.279754132 -0.003654937 -0.435402423 -0.097012959 0.894985974
1548266478.096900 0.382992774 -0.293739378 0.285191655 -0.002710384 -0.439689189 -0.101004645 0.892448425
1548266478.130240 0.416827977 -0.305911273 0.313458204 -0.002861812 -0.443442106 -0.102961399 0.890365005
1548266478.163540 0.404768348 -0.302426904 0.290682882 -0.004426619 -0.433077246 -0.103704765 0.895360172
1548266478.196940 0.400977761 -0.293280572 0.287245661 -0.005133518 -0.431866437 -0.105591603 0.895720601
1548266478.230450 0.405916721 -0.289534628 0.301043510 -0.004791887 -0.431761980 -0.110358052 0.895198166
1548266478.263970 0.404082030 -0.287350446 0.298993528 -0.007005242 -0.425425887 -0.110252284 0.898225009
1548266478.297600 0.408452123 -0.285426646 0.304752737 -0.008225808 -0.422646880 -0.109982632 0.899558663
1548266478.331120 0.423631519 -0.280638069 0.311228067 -0.007768402 -0.419888854 -0.110783800 0.900755227
1548266478.364640 0.410846889 -0.272397846 0.303574234 -0.009812933 -0.406160980 -0.106842712 0.907480896
1548266478.398150 0.402243972 -0.271959722 0.304959148 -0.010457246 -0.401619107 -0.105760381 0.909619391
1548266478.431520 0.402170002 -0.268175423 0.307585329 -0.010145792 -0.400996000 -0.103791900 0.910124481
1548266478.465180 0.411384910 -0.263261795 0.323814332 -0.009178856 -0.399767935 -0.104593351 0.910583079
1548266478.498740 0.415103495 -0.260210216 0.312491894 -0.010442584 -0.393432826 -0.103151165 0.913488567
1548266478.532260 0.409969419 -0.258708686 0.315970212 -0.011222869 -0.391003251 -0.103527956 0.914479375
1548266478.565780 0.414356411 -0.251783550 0.331686646 -0.010632002 -0.389184088 -0.102745436 0.915350258
1548266478.599290 0.421547979 -0.236599833 0.335639745 -0.008684691 -0.384758562 -0.103440925 0.917161584
1548266478.632810 0.413096994 -0.236518696 0.328395635 -0.008899524 -0.378412873 -0.104057178 0.919726372
1548266478.666430 0.409769386 -0.236434013 0.325175077 -0.008352154 -0.374067485 -0.105405420 0.921354115
1548266478.699980 0.411040038 -0.231676549 0.322820514 -0.007635439 -0.369505078 -0.106841907 0.923034370
1548266478.733460 0.411747277 -0.229446813 0.332023233 -0.007529929 -0.364657313 -0.107811674 0.924848616
1548266478.766870 0.414953530 -0.231083483 0.326875895 -0.008295187 -0.362011701 -0.108052261 0.925852776
1548266478.800390 0.419141620 -0.226195976 0.326999903 -0.008034121 -0.359910101 -0.108556934 0.926615119
1548266478.833760 0.422893465 -0.226601362 0.328137159 -0.008142184 -0.356624067 -0.108894289 0.927844286
1548266478.867270 0.410696924 -0.210041597 0.324030966 -0.006968570 -0.353158027 -0.106955819 0.929403722
1548266478.900790 0.425775945 -0.218836635 0.327528656 -0.008590536 -0.355009019 -0.106670968 0.928717434
1548266478.934310 0.434764504 -0.218101278 0.333912939 -0.008384896 -0.354018182 -0.108023480 0.928941190
1548266478.967820 0.430035472 -0.199848413 0.336117297 -0.006917675 -0.350297451 -0.106040463 0.930590808
1548266479.001340 0.425825000 -0.197020009 0.329505950 -0.007137178 -0.347988814 -0.106526121 0.931399465
1548266479.035050 0.432058036 -0.197817490 0.335520238 -0.008082630 -0.346416235 -0.106343776 0.931998610
1548266479.068570 0.446358472 -0.199505180 0.340627730 -0.009539433 -0.344092607 -0.105913036 0.932894230
1548266479.102250 0.430724651 -0.184143573 0.331379175 -0.009753612 -0.338529557 -0.104441993 0.935090601
1548266479.135720 0.441500515 -0.189253807 0.336694419 -0.011613718 -0.338501513 -0.105076209 0.935008466
1548266479.169140 0.450777143 -0.173700467 0.350668103 -0.009965382 -0.335280329 -0.106918924 0.935978711
1548266479.202630 0.430593073 -0.169818133 0.326113999 -0.012299965 -0.324852228 -0.107451439 0.939560473
1548266479.236170 0.431488663 -0.166204691 0.334653556 -0.012580495 -0.322574645 -0.108966097 0.940166831
1548266479.269730 0.436796486 -0.160820886 0.337764770 -0.012314004 -0.316293865 -0.109097444 0.942286730
1548266479.303240 0.444764555 -0.162258044 0.342273772 -0.012987999 -0.310254186 -0.108723529 0.944326639
1548266479.336760 0.431409568 -0.149148047 0.348050624 -0.011645503 -0.303465068 -0.108478658 0.946575761
1548266479.370280 0.437724411 -0.145421162 0.341542631 -0.011744001 -0.294660270 -0.105662122 0.949669898
1548266479.403790 0.430782497 -0.128857195 0.344166517 -0.009079904 -0.282638729 -0.105030552 0.953415692
1548266479.437310 0.429008633 -0.126590744 0.328056991 -0.010736899 -0.273584038 -0.103165768 0.956239164
1548266479.470780 0.459079236 -0.127187535 0.338022411 -0.012227288 -0.271652043 -0.101526208 0.956947267
1548266479.504300 0.486861438 -0.111211210 0.350952864 -0.011293075 -0.265440285 -0.098162644 0.959050596
1548266479.537860 0.460475594 -0.116500199 0.334398329 -0.014340365 -0.252330780 -0.096228696 0.962737560
1548266479.571370 0.465337932 -0.108109906 0.339416832 -0.013397419 -0.246049404 -0.095590897 0.964438975
1548266479.604850 0.487185031 -0.082697242 0.331782430 -0.010961575 -0.236070663 -0.091268644 0.967378199
1548266479.638350 0.452365696 -0.088858761 0.318137944 -0.014353683 -0.221972153 -0.089443251 0.970835865
1548266479.671820 0.478262395 -0.082639985 0.345270485 -0.015185726 -0.219926715 -0.087178752 0.971494436
1548266479.705270 0.493360311 -0.078700006 0.366883636 -0.016317027 -0.211271584 -0.084151678 0.973661423
1548266479.738750 0.488099158 -0.072202228 0.366959095 -0.017940562 -0.200564250 -0.080562033 0.976197660
1548266479.772270 0.471359909 -0.062961288 0.346240610 -0.019225057 -0.187189490 -0.077860147 0.979044557
1548266479.805780 0.488240838 -0.080573104 0.352446586 -0.023539634 -0.180273458 -0.077631742 0.980265617
1548266479.839300 0.500266254 -0.049225371 0.360464960 -0.021358510 -0.171237707 -0.073513895 0.982251048
1548266479.872810 0.487477422 -0.054980688 0.352128476 -0.024981491 -0.159297183 -0.072830394 0.984223545
1548266479.906600 0.493703246 -0.033667360 0.349849463 -0.023163050 -0.152217761 -0.072550498 0.985408366
1548266479.940190 0.451071531 -0.072319835 0.338870376 -0.032625828 -0.132507712 -0.071799628 0.988039494
1548266479.973710 0.461677194 -0.054822426 0.342972666 -0.030616138 -0.128157809 -0.071569070 0.988694131
1548266480.007220 0.437692434 -0.058813840 0.328129858 -0.032793950 -0.117243446 -0.070963688 0.990021586
1548266480.040690 0.435787082 -0.057617370 0.328844488 -0.033994809 -0.107285760 -0.068656564 0.991272092
1548266480.074200 0.477763504 -0.043733947 0.338457435 -0.032276385 -0.108905695 -0.066130191 0.991324663
1548266480.107820 0.474645346 -0.050474931 0.333956599 -0.034220681 -0.103935815 -0.064311944 0.991912425
1548266480.141370 0.481317341 -0.030790107 0.334401250 -0.032014661 -0.098456137 -0.062117882 0.992684662
1548266480.174890 0.488417923 -0.022256583 0.349476039 -0.031403605 -0.095244512 -0.059302308 0.993189573
1548266480.208400 0.511687040 -0.027056817 0.352376729 -0.032541934 -0.095610365 -0.058638185 0.993157208
1548266480.241920 0.500024557 -0.011199887 0.352103114 -0.030878101 -0.088414840 -0.056882035 0.993978739
1548266480.275440 0.501690507 -0.004340144 0.351679772 -0.030559819 -0.084809750 -0.055131517 0.994401276
1548266480.308950 0.495769650 -0.014106474 0.349164575 -0.033074252 -0.081783578 -0.055666994 0.994544506
1548266480.342440 0.507276416 -0.002886281 0.354587078 -0.031194178 -0.078252859 -0.056002889 0.994870365
1548266480.375940 0.506884575 -0.000102073 0.354316592 -0.030958839 -0.075075343 -0.054885682 0.995184779
1548266480.409460 0.526708961 -0.017013736 0.348534077 -0.033839714 -0.073624663 -0.054872479 0.995200157
1548266480.442970 0.518310666 0.003537487 0.353526950 -0.030390332 -0.063635975 -0.054923806 0.995997071
1548266480.476530 0.494199872 0.005350778 0.358538330 -0.030977240 -0.055203989 -0.052064396 0.996635437
1548266480.510110 0.526447356 -0.030268682 0.347432137 -0.036871791 -0.054313630 -0.052037526 0.996485114
1548266480.543630 0.505791247 0.013490043 0.355828136 -0.028560512 -0.042974174 -0.049002405 0.997464895
1548266480.577040 0.497376770 -0.003571247 0.355226040 -0.031638179 -0.037827671 -0.045190822 0.997760415
1548266480.610390 0.522081435 -0.014352441 0.356037945 -0.033510875 -0.038271882 -0.042466633 0.997802019
1548266480.643900 0.522304595 -0.028567074 0.348083347 -0.036157519 -0.033224430 -0.040733911 0.997962713
1548266480.677440 0.515937924 -0.023846321 0.351077288 -0.035474695 -0.026679847 -0.037339315 0.998316348
1548266480.710960 0.518552780 -0.005497973 0.361164570 -0.032216970 -0.022429273 -0.032567989 0.998698294
1548266480.744470 0.518415511 -0.018146558 0.359983146 -0.034421183 -0.018782802 -0.029742040 0.998788178
1548266480.777970 0.535518110 -0.025410952 0.352630585 -0.035002530 -0.018168496 -0.027248865 0.998850465
1548266480.811500 0.543202519 -0.018956903 0.357195228 -0.033112347 -0.015014921 -0.023385907 0.999065161
1548266480.845030 0.541272938 -0.041577954 0.354265809 -0.036225144 -0.010509341 -0.019648511 0.999095201
1548266480.878540 0.530455172 -0.042165749 0.354025871 -0.034980640 -0.005774192 -0.017340465 0.999220848
1548266480.912050 0.535629451 -0.054448403 0.347771466 -0.035151582 -0.003858269 -0.013830231 0.999278843
1548266480.945500 0.530632555 -0.036875401 0.352321595 -0.030306924 0.000525398 -0.009971805 0.999490738
1548266480.978990 0.574095666 -0.055851974 0.350977123 -0.031263947 -0.003549190 -0.006726371 0.999482274
1548266481.012490 0.579640269 -0.056730237 0.347587019 -0.029234415 -0.000570229 -0.003782534 0.999565244
1548266481.046010 0.590341449 -0.063344128 0.345128983 -0.028241754 0.002280670 -0.000381578 0.999598444
1548266481.079520 0.592731059 -0.063545719 0.348754555 -0.026539115 0.007072531 0.004515475 0.999612570
1548266481.113050 0.589174926 -0.074024640 0.345607698 -0.025346452 0.010928529 0.007679123 0.999589503
1548266481.146550 0.591782629 -0.070882864 0.340173393 -0.021993676 0.013895054 0.010095888 0.999610543
1548266481.180060 0.591078699 -0.079424411 0.340585113 -0.021016432 0.018200701 0.013399255 0.999523640
1548266481.213570 0.589853764 -0.080625117 0.335631847 -0.018450256 0.020852199 0.017274899 0.999463022
1548266481.247090 0.604694366 -0.083419710 0.330136091 -0.015391222 0.020870980 0.019207660 0.999479115
1548266481.280610 0.615378797 -0.084103905 0.328220099 -0.013150357 0.024875738 0.021975812 0.999362469
1548266481.314120 0.614787936 -0.087992787 0.324873775 -0.011410151 0.028827373 0.024669528 0.999214768
1548266481.347630 0.608967900 -0.097774290 0.321300358 -0.010842877 0.032891635 0.025453303 0.999075949
1548266481.381150 0.611749828 -0.099898301 0.317294985 -0.008869592 0.036743045 0.027140042 0.998916745
1548266481.414670 0.620406270 -0.090124898 0.317349643 -0.005270911 0.039286107 0.028897103 0.998796165
1548266481.448190 0.611828208 -0.099229194 0.314085424 -0.004609655 0.044598442 0.029383099 0.998562157
1548266481.481700 0.613428175 -0.109106809 0.311970919 -0.004047558 0.048697781 0.031199759 0.998317957
1548266481.515210 0.622161448 -0.111049987 0.304283738 -0.001954857 0.050946038 0.031535942 0.998201489
1548266481.548720 0.618462443 -0.112457953 0.298748463 0.000187236 0.056662824 0.033011034 0.997847438
1548266481.582230 0.626577437 -0.100411773 0.303257614 0.004495156 0.057794895 0.034865037 0.997709334
1548266481.615740 0.643907368 -0.106403984 0.294901460 0.005245848 0.057128511 0.035450857 0.997723401
1548266481.649260 0.636826932 -0.111428611 0.298515022 0.006576200 0.059658609 0.037157886 0.997505367
1548266481.682790 0.625065565 -0.105302043 0.296368927 0.009985921 0.063786767 0.036301669 0.997253120
1548266481.716320 0.626035810 -0.111656763 0.294041097 0.010864843 0.068041101 0.037573166 0.996915579
1548266481.749820 0.627127171 -0.118416809 0.291770756 0.011198673 0.071285613 0.037903216 0.996672571
1548266481.783340 0.610589802 -0.118854307 0.290608376 0.013061544 0.073602848 0.038772792 0.996448040
1548266481.816860 0.629827261 -0.118286416 0.287972957 0.015200099 0.070278123 0.036077119 0.996758938
1548266481.850430 0.625297427 -0.130750135 0.288379669 0.014805235 0.075028270 0.036166884 0.996415317
1548266481.883960 0.623639405 -0.126093701 0.286778092 0.017373327 0.077655189 0.034668736 0.996225834
1548266481.917570 0.624778211 -0.131653354 0.292074144 0.018868029 0.080782287 0.034697182 0.995948970
1548266481.950780 0.628734648 -0.136576653 0.295711279 0.020239403 0.080480628 0.033757791 0.995978713
1548266481.984290 0.623341620 -0.138271391 0.294081807 0.021657890 0.084399611 0.031713210 0.995691657
1548266482.017970 0.624079585 -0.146812499 0.298342288 0.021710187 0.087993845 0.033241071 0.995329499
1548266482.051630 0.605781496 -0.143869057 0.297941774 0.023433523 0.086648174 0.031793192 0.995455742
1548266482.085150 0.638500273 -0.149306908 0.305121839 0.022609314 0.081832647 0.028661797 0.995977283
1548266482.118670 0.626762211 -0.148653537 0.314536393 0.022569325 0.085683532 0.028610898 0.995655775
1548266482.152150 0.634164810 -0.151040167 0.317962229 0.021789610 0.081938222 0.025423899 0.996074796
1548266482.185660 0.635265052 -0.154317021 0.328489095 0.020539977 0.082132764 0.021394441 0.996179998
1548266482.219180 0.622395694 -0.150470719 0.335064739 0.020863486 0.085000694 0.021573935 0.995928824
1548266482.252690 0.625914454 -0.152134284 0.342296660 0.020082492 0.081282318 0.019342331 0.996301055
1548266482.286210 0.636021972 -0.153221250 0.349458188 0.019136311 0.079097211 0.016845472 0.996540844
1548266482.319730 0.632200003 -0.155239284 0.357863694 0.017612970 0.077523157 0.014759471 0.996725678
1548266482.353240 0.638466895 -0.146997407 0.365096122 0.017112460 0.075440072 0.010923279 0.996943653
1548266482.386750 0.627772748 -0.144224182 0.371598750 0.015858741 0.076935641 0.011038270 0.996848822
1548266482.420260 0.628498554 -0.129272625 0.376702040 0.015580195 0.071826011 0.010040740 0.997244954
1548266482.453790 0.628798783 -0.152114108 0.389535636 0.008977641 0.067463763 0.007348303 0.997654259
1548266482.487310 0.633185327 -0.123868436 0.394174188 0.011403157 0.064013548 0.009959899 0.997834206
1548266482.520840 0.643017352 -0.128300041 0.397087812 0.008658064 0.061005462 0.010234943 0.998047411
1548266482.554360 0.650173128 -0.120135024 0.404457927 0.008418181 0.059345245 0.013839841 0.998106062
1548266482.587920 0.656900764 -0.129378095 0.409668803 0.005947620 0.056142543 0.013747389 0.998310387
1548266482.621440 0.664753854 -0.129073381 0.414693177 0.005183113 0.058426984 0.014617251 0.998171210
1548266482.654950 0.653794765 -0.128272489 0.420357019 0.004473513 0.061581831 0.016617626 0.997953653
1548266482.688470 0.658114791 -0.120431826 0.424821377 0.004505803 0.059220988 0.015425920 0.998115540
1548266482.721980 0.670929551 -0.128124133 0.427611500 0.001830742 0.057372734 0.011513905 0.998284757
1548266482.755520 0.667996645 -0.124374956 0.432636857 0.001103630 0.060083326 0.011228337 0.998129606
1548266482.789190 0.650730848 -0.106922403 0.435966849 0.002575503 0.060829882 0.011598475 0.998077452
1548266482.822700 0.661424160 -0.103004217 0.438099891 0.001372582 0.055388782 0.009379385 0.998419881
1548266482.856220 0.668369293 -0.115864672 0.443754822 -0.002574013 0.054966845 0.008891640 0.998445272
1548266482.889740 0.660216212 -0.106718339 0.446761131 -0.002423153 0.056015845 0.009254719 0.998384058
1548266482.923140 0.652148664 -0.101999968 0.453594178 -0.003233460 0.055673748 0.007415218 0.998416245
1548266482.956610 0.668631852 -0.104062550 0.454660624 -0.005053511 0.051944088 0.005270269 0.998623312
1548266482.990060 0.646387637 -0.120136783 0.457508445 -0.009689195 0.055271853 0.003223361 0.998419166
1548266483.023570 0.636442423 -0.094226331 0.461026222 -0.006769852 0.053963192 0.002494761 0.998516858
1548266483.057090 0.644487202 -0.087764770 0.461309493 -0.007938939 0.046751082 -0.000479098 0.998874903
1548266483.090610 0.652471542 -0.085915372 0.465322763 -0.009873887 0.042629689 -0.002464808 0.999039114
1548266483.124120 0.642267168 -0.080898620 0.463070184 -0.010804893 0.039757766 -0.005139085 0.999137700
1548266483.157640 0.630414486 -0.093341224 0.469142556 -0.014758240 0.037824046 -0.008314507 0.999140859
1548266483.191150 0.633130550 -0.084418885 0.469497323 -0.014153738 0.034129232 -0.009936713 0.999267817
1548266483.224670 0.642655909 -0.090159424 0.473517656 -0.015608186 0.029758194 -0.011886845 0.999364555
1548266483.258190 0.627565801 -0.094384618 0.476051390 -0.016188525 0.029693427 -0.012318797 0.999352038
1548266483.291700 0.637045920 -0.103910759 0.473738283 -0.017090751 0.024882777 -0.013858171 0.999448180
1548266483.325150 0.630328178 -0.099236235 0.473735929 -0.015158584 0.024963295 -0.013337450 0.999484420
1548266483.358670 0.635968268 -0.095970400 0.470586479 -0.012952258 0.021383582 -0.014184000 0.999586821
1548266483.392180 0.637888610 -0.110203058 0.468747824 -0.013700671 0.020068092 -0.014945731 0.999593019
1548266483.425700 0.635237813 -0.110622749 0.465740591 -0.012165097 0.019359874 -0.015516354 0.999618173
1548266483.459220 0.631606102 -0.099264652 0.461924225 -0.008835580 0.019052690 -0.015847914 0.999653816
1548266483.492680 0.648292661 -0.105425030 0.457428485 -0.008680080 0.015072570 -0.015940351 0.999721646
1548266483.526030 0.628293514 -0.106473513 0.460574597 -0.008316495 0.017156046 -0.016109841 0.999688447
1548266483.559540 0.633226097 -0.105315350 0.454661518 -0.007667519 0.015329991 -0.017711060 0.999696255
1548266483.593060 0.639838934 -0.105641343 0.457064927 -0.007457423 0.014358729 -0.018184988 0.999703705
1548266483.626650 0.636564851 -0.107578769 0.457363904 -0.007532096 0.015118484 -0.018017700 0.999695003
1548266483.660190 0.640415609 -0.105656438 0.453487605 -0.007350771 0.014806457 -0.017959053 0.999702036
1548266483.693690 0.645550549 -0.101070330 0.453508526 -0.006860745 0.013858826 -0.017966408 0.999719024
1548266483.727160 0.653270364 -0.106910169 0.450008273 -0.008202760 0.012979665 -0.018887335 0.999703705
1548266483.760670 0.648630321 -0.103548899 0.449376523 -0.008485485 0.014686250 -0.017608559 0.999701083
1548266483.794190 0.644451022 -0.097218201 0.448788643 -0.008053890 0.015402026 -0.017868111 0.999689281
1548266483.827730 0.644359469 -0.100202702 0.451288223 -0.009659389 0.015443083 -0.017653503 0.999678254
1548266483.861270 0.651518404 -0.096930772 0.448070109 -0.009900824 0.013604956 -0.017966771 0.999696970
1548266483.894800 0.653531849 -0.104531027 0.448569745 -0.011967308 0.013397019 -0.018034564 0.999675989
1548266483.928320 0.649677038 -0.099942446 0.449218392 -0.011758005 0.013912388 -0.017501462 0.999680877
1548266483.961830 0.650037229 -0.098786689 0.449206322 -0.011973289 0.014206440 -0.016982794 0.999683142
1548266483.995350 0.647149265 -0.099514186 0.447875470 -0.012327993 0.015102010 -0.015910290 0.999683380
1548266484.028920 0.650889933 -0.106414683 0.447128087 -0.013536938 0.014583344 -0.015461979 0.999682486
1548266484.062470 0.652369559 -0.104166456 0.446601182 -0.012886030 0.014804783 -0.014097982 0.999707997
1548266484.096430 0.657463014 -0.099597275 0.443229169 -0.011844303 0.014023649 -0.013665733 0.999738097
1548266484.130030 0.655346334 -0.096791409 0.442348391 -0.011317378 0.015061892 -0.013237359 0.999734879
1548266484.163540 0.654023767 -0.099421710 0.440706164 -0.011789784 0.014645506 -0.013327452 0.999734402
1548266484.197060 0.652631402 -0.093000196 0.440803289 -0.010994847 0.014783652 -0.014863409 0.999719799
1548266484.230580 0.645094037 -0.093249865 0.438719988 -0.011441182 0.015559617 -0.015858177 0.999687731
1548266484.264090 0.646261156 -0.093185037 0.438187182 -0.012079510 0.013999585 -0.016597833 0.999691248
1548266484.297610 0.653893471 -0.096377745 0.434332907 -0.013022983 0.011973334 -0.017914437 0.999683022
1548266484.331040 0.647041202 -0.094707191 0.436013669 -0.013228978 0.013062268 -0.018853677 0.999649405
1548266484.364560 0.645872355 -0.099083230 0.433447480 -0.014218339 0.013319375 -0.018456524 0.999639869
1548266484.398080 0.649577975 -0.092281282 0.432981074 -0.013056303 0.011673413 -0.018202616 0.999680936
1548266484.431590 0.659812689 -0.100991920 0.430102199 -0.014396188 0.010545929 -0.018252218 0.999674141
1548266484.465110 0.651653290 -0.100196041 0.431802422 -0.013665590 0.013666149 -0.016659806 0.999674439
1548266484.498300 0.644818604 -0.102671340 0.430967659 -0.013079139 0.014241816 -0.015347210 0.999695241
1548266484.531770 0.657818377 -0.107907258 0.427269459 -0.012664444 0.012244451 -0.015557827 0.999723792
