1548266469.886330 0.000000000 0.000000000 0.000000000 0.000000000 0.000000000 0.000000000 1.000000000
1548266469.919590 0.003810528 0.002861494 -0.007224537 0.003355006 -0.003924973 0.001848508 0.999984980
1548266469.952710 0.010097364 -0.007485659 -0.016494364 0.003965766 -0.006791670 0.001361652 0.999968171
1548266469.986230 0.009977357 -0.007683760 -0.027869714 0.006694877 -0.007652975 0.003282259 0.999942899
1548266470.019750 0.033125103 0.010134708 -0.040783018 0.013181590 -0.016372113 0.005158810 0.999765754
1548266470.053260 0.040588740 0.004149937 -0.040103544 0.013488249 -0.018052291 0.001592501 0.999744773
1548266470.086930 0.046910938 0.005103920 -0.049623646 0.014571970 -0.018188806 0.004067733 0.999720097
1548266470.120440 0.037068486 -0.007655069 -0.056119919 0.013925088 -0.020092029 0.002917160 0.999696910
1548266470.153960 0.055945601 0.000655918 -0.060817104 0.016180489 -0.023015337 0.001485368 0.999603033
1548266470.187470 0.020301374 -0.009157630 -0.060111307 0.014653524 -0.018440599 0.001422180 0.999721587
1548266470.220840 0.017248677 -0.004569020 -0.067097075 0.015575873 -0.021775674 -0.000279984 0.999641538
1548266470.254360 0.037881002 -0.000071954 -0.073552623 0.015904959 -0.024090076 -0.001763830 0.999581695
1548266470.287840 0.043069255 0.001009088 -0.077276304 0.015496223 -0.024673242 -0.001551979 0.999574244
1548266470.321360 0.076572336 -0.000454213 -0.086313404 0.014798108 -0.030757250 -0.002457814 0.999414325
1548266470.354880 0.058709506 0.004599100 -0.084882773 0.015243452 -0.026877984 -0.003973735 0.999514580
1548266470.388390 0.057637434 0.001714981 -0.091690749 0.014260418 -0.025453039 -0.002613189 0.999570906
1548266470.421910 0.041689508 -0.006691977 -0.096314460 0.013453469 -0.026519500 -0.004039570 0.999549568
1548266470.455420 0.072611257 -0.001368681 -0.102848031 0.014642916 -0.032017652 -0.005911918 0.999362528
1548266470.488900 0.075583838 -0.001437062 -0.104789533 0.014596765 -0.030850207 -0.005731176 0.999400973
1548266470.522400 0.077188648 0.005868684 -0.115854934 0.017040605 -0.033456761 -0.006008821 0.999276817
1548266470.555920 0.047133036 -0.004254207 -0.114368282 0.017051473 -0.032948446 -0.009493195 0.999266505
1548266470.589440 0.083963163 0.008012665 -0.129583582 0.020053634 -0.039328612 -0.009854408 0.998976469
1548266470.622960 0.102135964 0.009645989 -0.135629803 0.021562565 -0.044538580 -0.009948147 0.998725355
1548266470.656490 0.110424757 0.014557307 -0.141602263 0.024349179 -0.049439322 -0.011196345 0.998417497
1548266470.690030 0.121721499 0.020674566 -0.145825446 0.026469016 -0.051922962 -0.011787354 0.998230696
1548266470.723520 0.082299292 0.009147056 -0.153123423 0.025178557 -0.046986457 -0.013059080 0.998492777
1548266470.757030 0.106836148 0.022845821 -0.155936807 0.027669482 -0.051847886 -0.012800241 0.998189509
1548266470.790550 0.143468797 0.027612248 -0.162699953 0.027503267 -0.055323090 -0.013239290 0.998001814
1548266470.824090 0.123879142 0.027311690 -0.161048666 0.025587995 -0.052047957 -0.013646709 0.998223424
1548266470.857610 0.133395284 0.032447502 -0.161814556 0.024878863 -0.055010382 -0.014371055 0.998072326
1548266470.891100 0.146569341 0.038579077 -0.166228577 0.023762263 -0.055974916 -0.016356152 0.998015344
1548266470.924620 0.156211182 0.045704097 -0.168502167 0.022342082 -0.055488173 -0.016345743 0.998075485
1548266470.958130 0.161801800 0.045197047 -0.167725638 0.019601690 -0.056767203 -0.018005392 0.998032629
1548266470.991650 0.165689245 0.046505459 -0.168968603 0.017111437 -0.055621088 -0.020128842 0.998102367
1548266471.025190 0.174277037 0.054241497 -0.170678809 0.014960648 -0.054508995 -0.021047339 0.998179317
1548266471.058680 0.183698818 0.051551044 -0.171537235 0.011065452 -0.055037551 -0.022572732 0.998167753
1548266471.092190 0.193638012 0.052541636 -0.170400321 0.007121079 -0.056420811 -0.024277931 0.998086452
1548266471.125710 0.200311407 0.067001723 -0.169842303 0.005222537 -0.056072999 -0.026946522 0.998049319
1548266471.159230 0.202663273 0.075819150 -0.170768663 0.002610073 -0.056275360 -0.027479362 0.998033643
1548266471.192740 0.208320677 0.090748757 -0.168964416 0.001693651 -0.059652362 -0.031016152 0.997735798
1548266471.226260 0.211924374 0.084033094 -0.166464701 -0.002857513 -0.059421040 -0.032581955 0.997697055
1548266471.259770 0.211285949 0.093899429 -0.170176744 -0.003910591 -0.059096716 -0.032563411 0.997713327
1548266471.293280 0.215272576 0.105754837 -0.173001543 -0.004432391 -0.061872311 -0.035577442 0.997439921
1548266471.326790 0.220185205 0.113295436 -0.173441261 -0.005489741 -0.059896354 -0.038298786 0.997454524
1548266471.360310 0.209992111 0.117472254 -0.170384347 -0.006956514 -0.059065301 -0.038441207 0.997489452
1548266471.393820 0.221738443 0.113849662 -0.171452373 -0.008768886 -0.061452318 -0.042265009 0.997176230
1548266471.427350 0.216621324 0.113704041 -0.175423935 -0.010110247 -0.055802226 -0.044315509 0.997406662
1548266471.460810 0.205617771 0.125238687 -0.175205365 -0.009900030 -0.053625610 -0.041319828 0.997656703
1548266471.494190 0.218231171 0.129152000 -0.169102907 -0.009428895 -0.059917077 -0.043242518 0.997221708
1548266471.527710 0.259481370 0.123281844 -0.168937743 -0.009919917 -0.064743258 -0.044445213 0.996862352
1548266471.561220 0.275888294 0.134398744 -0.166216895 -0.008199991 -0.061743151 -0.041298520 0.997203588
1548266471.594950 0.235504016 0.132355794 -0.164537758 -0.008744755 -0.052565068 -0.040887311 0.997741818
1548266471.628250 0.230472133 0.139228716 -0.159142926 -0.007302250 -0.051506281 -0.039914042 0.997848034
1548266471.661710 0.247504726 0.151170671 -0.159056738 -0.004899616 -0.051953755 -0.038846176 0.997881651
1548266471.695190 0.224470288 0.151698530 -0.163673863 -0.005295246 -0.049051899 -0.036455538 0.998116672
1548266471.728740 0.183053300 0.141804501 -0.162334010 -0.007838361 -0.055216871 -0.035473511 0.997813284
1548266471.762320 0.275913596 0.172342107 -0.161151379 -0.002075970 -0.077351309 -0.037736338 0.996287346
1548266471.796120 0.277876705 0.156910688 -0.160836592 -0.005614237 -0.074920602 -0.036097977 0.996520102
1548266471.829690 0.210510001 0.180904478 -0.158320874 -0.003649475 -0.069850251 -0.033256751 0.996996284
1548266471.863210 0.216568217 0.173080549 -0.159573361 -0.006045733 -0.083718099 -0.033659909 0.995902479
1548266471.896730 0.232497215 0.177199885 -0.159615576 -0.006576964 -0.091395743 -0.034705840 0.995187938
1548266471.930180 0.241582319 0.162202895 -0.154660374 -0.009538122 -0.096079811 -0.035696249 0.994687617
1548266471.963760 0.272820562 0.154225498 -0.144622996 -0.011036681 -0.106618203 -0.036814101 0.993556976
1548266471.997270 0.269948959 0.151314542 -0.143985838 -0.011054311 -0.105390102 -0.040374648 0.993549526
1548266472.030760 0.252380013 0.143687785 -0.146579608 -0.012780961 -0.101313718 -0.036609251 0.994098544
1548266472.064280 0.253726065 0.134103999 -0.137673050 -0.012289028 -0.106229439 -0.038131110 0.993534267
1548266472.097760 0.267264038 0.145452008 -0.135804623 -0.007404110 -0.106886409 -0.039768051 0.993448019
1548266472.131280 0.240232900 0.144578949 -0.139969975 -0.006202169 -0.100432508 -0.036148019 0.994267642
1548266472.164830 0.237756580 0.142670527 -0.139342114 -0.004319612 -0.103221834 -0.034032177 0.994066596
1548266472.198370 0.234110355 0.130495727 -0.137261719 -0.002666255 -0.104856074 -0.035457898 0.993851542
1548266472.231890 0.229804337 0.137847885 -0.137433544 0.001604496 -0.100459963 -0.034290049 0.994348764
1548266472.265600 0.228014693 0.126222759 -0.134148881 0.002413933 -0.101849772 -0.031587441 0.994295239
1548266472.299120 0.258412927 0.086884752 -0.136870801 0.001209882 -0.111451209 -0.031173985 0.993280113
1548266472.332410 0.251280874 0.083559461 -0.135357812 0.004268799 -0.108968392 -0.027899792 0.993644416
1548266472.366150 0.238353774 0.058912080 -0.138381928 0.003873171 -0.109318405 -0.025604552 0.993669391
1548266472.399440 0.252888024 0.066773154 -0.135583758 0.010125479 -0.117336616 -0.024336228 0.992742360
1548266472.432950 0.260677516 0.061571233 -0.135610536 0.012544217 -0.115791269 -0.022415575 0.992941380
1548266472.466360 0.236886963 0.052718855 -0.133932158 0.013324938 -0.112443149 -0.019360678 0.993380189
1548266472.499990 0.254249126 0.065554418 -0.123619244 0.019237578 -0.116987765 -0.019310102 0.992759228
1548266472.533120 0.273022652 0.046888053 -0.127538621 0.019292241 -0.115880921 -0.018671373 0.992900193
1548266472.566560 0.265076846 0.033704098 -0.126954064 0.019447014 -0.111286744 -0.016128600 0.993467152
1548266472.600150 0.257103562 0.031433072 -0.123421557 0.021593450 -0.110109754 -0.012726221 0.993603349
1548266472.634070 0.248500600 0.030038487 -0.124559298 0.025622321 -0.108460411 -0.014041841 0.993671298
1548266472.667590 0.247403562 0.023203513 -0.119637109 0.027724460 -0.104154557 -0.010833564 0.994115591
1548266472.701040 0.274569988 0.003578241 -0.128148958 0.028076099 -0.108902752 -0.008071346 0.993623018
1548266472.734550 0.257787436 -0.001948110 -0.128065914 0.031824075 -0.106498227 -0.010511490 0.993747890
1548266472.767970 0.239769444 0.006731011 -0.136298239 0.036272313 -0.097797945 -0.008727210 0.994506776
1548266472.801580 0.236456215 -0.003190661 -0.144998431 0.036590848 -0.096829124 -0.004838932 0.994616389
1548266472.835100 0.252741307 -0.012367437 -0.126819074 0.038874857 -0.101275221 -0.005948291 0.994080842
1548266472.868520 0.253008157 -0.003657776 -0.116652571 0.043624736 -0.096921444 -0.007440456 0.994307637
1548266472.902030 0.253129244 0.007950123 -0.114379399 0.045340430 -0.093944319 -0.002261471 0.994541883
1548266472.935550 0.251480520 -0.015226787 -0.111974560 0.043947063 -0.095502712 -0.002064030 0.994456410
1548266472.969070 0.250004023 -0.011857838 -0.104220644 0.047299780 -0.093150221 -0.003995795 0.994519889
1548266473.002510 0.240541369 -0.018064259 -0.108168416 0.046126299 -0.086467862 0.000532638 0.995186090
1548266473.036100 0.235974029 -0.025735196 -0.100204080 0.045952685 -0.085310027 0.002161684 0.995291829
1548266473.069610 0.238701388 -0.032815363 -0.091351122 0.047359355 -0.084678821 0.001395688 0.995281160
1548266473.103060 0.239132836 -0.038285036 -0.090042375 0.046556730 -0.079563804 0.005278069 0.995727956
1548266473.136500 0.231744304 -0.042564720 -0.085641935 0.045931526 -0.077895418 0.008938157 0.995862782
1548266473.170020 0.229010358 -0.059596524 -0.088400431 0.044848025 -0.077261984 0.007939767 0.995970011
1548266473.203530 0.219275266 -0.065158650 -0.081961416 0.044324372 -0.072366476 0.010458736 0.996337831
1548266473.237020 0.222784668 -0.068406962 -0.082609840 0.044327613 -0.072727054 0.012201291 0.996291578
1548266473.270530 0.225786462 -0.071671151 -0.075629033 0.044898037 -0.073958062 0.012769923 0.996168315
1548266473.304020 0.211907238 -0.073176034 -0.065466709 0.045317017 -0.068710752 0.014827646 0.996496558
1548266473.337480 0.213686883 -0.076107033 -0.064056367 0.045452211 -0.066906884 0.016784761 0.996582091
1548266473.370990 0.217906803 -0.083591670 -0.060737867 0.044480655 -0.066290587 0.018173335 0.996642709
1548266473.404510 0.213328823 -0.081768513 -0.056201741 0.044760440 -0.064083993 0.018992096 0.996759295
1548266473.438080 0.193724141 -0.099734254 -0.051655684 0.041354265 -0.061645903 0.018795609 0.997063875
1548266473.471600 0.203674972 -0.098433375 -0.045334928 0.040187541 -0.061054438 0.018875664 0.997146428
1548266473.505130 0.190901145 -0.110756002 -0.034564056 0.036623891 -0.056926642 0.020694371 0.997491717
1548266473.538640 0.179930791 -0.121403076 -0.029265106 0.033646148 -0.057060588 0.022037474 0.997560203
1548266473.572160 0.193880349 -0.108412318 -0.024455206 0.034131486 -0.060111947 0.021741882 0.997371018
1548266473.605680 0.179239228 -0.119384669 -0.014211421 0.030263383 -0.057095733 0.022424504 0.997657895
1548266473.639210 0.167350665 -0.110721923 -0.008775978 0.030587755 -0.054701254 0.022603553 0.997778118
1548266473.672720 0.160796553 -0.111526772 -0.004782867 0.029176483 -0.053600356 0.024336135 0.997839391
1548266473.706240 0.144446790 -0.111298211 0.001913458 0.028378978 -0.054320712 0.023594344 0.997841299
1548266473.739800 0.149252877 -0.116166420 0.009695923 0.027024945 -0.057140067 0.023105158 0.997732818
1548266473.773720 0.148378506 -0.098136716 0.017066590 0.028715050 -0.060518179 0.022785902 0.997493744
1548266473.807310 0.185031921 -0.115011126 0.021230003 0.025034837 -0.065733090 0.020223206 0.997318149
1548266473.840830 0.147278801 -0.104130454 0.029426226 0.025042294 -0.059465829 0.019408468 0.997727454
1548266473.874350 0.145719558 -0.096962288 0.035519063 0.025355142 -0.060402267 0.015988467 0.997723937
1548266473.907860 0.146933317 -0.091394447 0.043505628 0.024854224 -0.058241080 0.011417088 0.997927785
1548266473.941380 0.129429564 -0.086767986 0.048734691 0.022953244 -0.054057628 0.009825407 0.998225629
1548266473.974890 0.116732948 -0.091560550 0.056235239 0.020193180 -0.053464718 0.006216574 0.998346210
1548266474.008410 0.124351390 -0.089722507 0.065549664 0.018770125 -0.053730469 0.002745458 0.998375237
1548266474.041840 0.122438774 -0.076624483 0.066413142 0.018392036 -0.051898766 0.001809625 0.998481333
1548266474.075000 0.120901980 -0.071863681 0.077231087 0.015590542 -0.051517460 0.000460250 0.998550296
1548266474.108510 0.124527492 -0.056905221 0.088870838 0.015292749 -0.051912565 -0.001466520 0.998533487
1548266474.142030 0.124692202 -0.073986262 0.093646526 0.009181973 -0.050964490 -0.002963476 0.998653829
1548266474.175550 0.123601146 -0.065813527 0.106727816 0.006407960 -0.051451679 -0.003833703 0.998647571
1548266474.209060 0.116392441 -0.061955452 0.117383115 0.003101231 -0.051447626 -0.004826717 0.998659253
1548266474.242580 0.115213543 -0.061039027 0.130571574 -0.000428096 -0.051359102 -0.005830802 0.998663127
1548266474.276030 0.112779580 -0.053856708 0.139036119 -0.003044548 -0.052159049 -0.005463391 0.998619199
1548266474.309280 0.124729820 -0.051829543 0.149739787 -0.006258877 -0.054142032 -0.006880485 0.998489916
1548266474.343060 0.126788035 -0.055337328 0.159913480 -0.011328147 -0.054319225 -0.006825787 0.998436034
1548266474.376640 0.150475785 -0.054276071 0.177664384 -0.015765047 -0.059950776 -0.007252045 0.998050451
1548266474.410350 0.152158871 -0.061775755 0.189711660 -0.020256003 -0.061701078 -0.008171365 0.997855663
1548266474.443860 0.167625368 -0.055469856 0.203229025 -0.022264222 -0.067106821 -0.007660027 0.997467935
1548266474.477380 0.179682016 -0.052965887 0.214061305 -0.024298625 -0.071133360 -0.009340975 0.997127056
1548266474.510900 0.149734169 -0.057061754 0.224964797 -0.027559899 -0.067069091 -0.009829063 0.997319162
1548266474.544410 0.144922137 -0.059683528 0.233564749 -0.030186990 -0.068010569 -0.010380299 0.997173786
1548266474.577930 0.160108805 -0.064434603 0.246963173 -0.031992462 -0.073075652 -0.012489402 0.996734917
1548266474.610930 0.168891907 -0.053303670 0.256126970 -0.031457938 -0.073171541 -0.014031961 0.996724367
1548266474.644390 0.170617327 -0.060715508 0.272825241 -0.034790803 -0.073120989 -0.014434098 0.996611536
1548266474.677740 0.171292841 -0.059533078 0.280833006 -0.035757180 -0.073962629 -0.015437262 0.996500194
1548266474.711260 0.180380508 -0.053685386 0.290868342 -0.035889119 -0.075198941 -0.016489292 0.996386051
1548266474.744780 0.175619692 -0.054259207 0.299994409 -0.036980156 -0.073135249 -0.016524924 0.996499181
1548266474.778290 0.186823770 -0.068628043 0.316341668 -0.040557425 -0.076329432 -0.016653711 0.996118248
1548266474.811810 0.190666348 -0.068280257 0.328306735 -0.041179571 -0.080075756 -0.016997948 0.995792747
1548266474.845320 0.219867349 -0.065916754 0.336100340 -0.041251451 -0.084392592 -0.019486217 0.995387614
1548266474.878830 0.210159048 -0.074269824 0.346424580 -0.044716638 -0.081683740 -0.018857088 0.995476067
1548266474.912350 0.218249932 -0.078337044 0.357010514 -0.046594668 -0.084738761 -0.020215709 0.995107830
1548266474.945860 0.239586934 -0.065394789 0.362544030 -0.044902571 -0.087130174 -0.023278041 0.994912148
1548266474.979380 0.233446136 -0.067152351 0.375939548 -0.046686705 -0.083898105 -0.023635026 0.995099425
1548266475.012920 0.230831310 -0.070122473 0.385579944 -0.048128463 -0.083977170 -0.024715871 0.994997799
1548266475.046490 0.245748445 -0.068596140 0.394424528 -0.048133738 -0.086580954 -0.026978210 0.994715571
1548266475.080120 0.245078608 -0.069198824 0.398663998 -0.049565095 -0.084526837 -0.028984368 0.994765520
1548266475.113660 0.246961489 -0.071294531 0.408276916 -0.051490016 -0.085673749 -0.029790379 0.994545817
1548266475.147180 0.246668801 -0.065789752 0.412974000 -0.051736176 -0.087685272 -0.031898644 0.994292259
1548266475.180690 0.265817910 -0.062121626 0.421805382 -0.052686218 -0.091288052 -0.034394871 0.993834794
1548266475.214210 0.263803452 -0.059588186 0.430355281 -0.054121211 -0.090441421 -0.036360376 0.993765175
1548266475.247900 0.259187132 -0.060674760 0.440641820 -0.056831669 -0.091634974 -0.037860610 0.993448436
1548266475.281420 0.265686095 -0.049763743 0.447025687 -0.056683622 -0.096129887 -0.040209182 0.992939711
1548266475.314940 0.273968369 -0.051499479 0.456724197 -0.059693914 -0.100251935 -0.042360935 0.992265940
1548266475.348450 0.268676698 -0.049058117 0.460196018 -0.062681608 -0.102562256 -0.045733877 0.991695702
1548266475.382340 0.271994859 -0.051797114 0.471840829 -0.066711344 -0.106357224 -0.049777400 0.990837991
1548266475.415920 0.288803995 -0.042742986 0.479336768 -0.068913519 -0.110585943 -0.052171819 0.990100920
1548266475.449430 0.288115770 -0.026040228 0.483651549 -0.069973595 -0.110406443 -0.053776763 0.989960670
1548266475.482950 0.288922042 -0.023763223 0.495745361 -0.075024240 -0.112588815 -0.052476190 0.989414692
1548266475.516400 0.298364341 -0.021160288 0.503266156 -0.077949569 -0.117739052 -0.054459829 0.988481402
1548266475.549920 0.300347686 -0.018452946 0.510488808 -0.080112144 -0.119835019 -0.056189410 0.987959683
1548266475.583560 0.306313068 -0.011096272 0.511189103 -0.081596851 -0.119156174 -0.056477599 0.987903833
1548266475.616580 0.314183623 -0.020794967 0.518759549 -0.085841149 -0.119797893 -0.056279503 0.987477779
1548266475.650100 0.326442391 -0.011994052 0.524222076 -0.085720107 -0.119959846 -0.055407476 0.987517953
1548266475.683610 0.327687383 -0.021312233 0.530619442 -0.090109043 -0.119914815 -0.052522570 0.987290323
1548266475.717130 0.327948660 -0.046762388 0.527685523 -0.096447058 -0.124714538 -0.050329860 0.986210525
1548266475.750510 0.352833092 -0.029583737 0.538691938 -0.092138253 -0.133238390 -0.049135342 0.985567749
1548266475.784000 0.365528286 -0.036555495 0.538528442 -0.092576943 -0.136223152 -0.046489485 0.985246897
1548266475.817510 0.324526727 -0.022154415 0.519307613 -0.090006419 -0.135398597 -0.043674637 0.985727429
1548266475.851030 0.375703007 -0.028437646 0.529681206 -0.089462422 -0.149155453 -0.042903434 0.983823359
1548266475.884540 0.384357244 -0.029467959 0.522825658 -0.087706141 -0.147791609 -0.039500628 0.984329700
1548266475.918060 0.382467896 -0.050845336 0.518861890 -0.090593405 -0.150237978 -0.037281130 0.983784258
1548266475.951600 0.390091240 -0.043874238 0.510344148 -0.086426176 -0.155393064 -0.036839236 0.983374953
1548266475.985540 0.408143640 -0.043215342 0.507451475 -0.083828881 -0.157218680 -0.035079680 0.983374000
1548266476.019110 0.406922162 -0.042954933 0.502215147 -0.082222678 -0.157642603 -0.032962352 0.983514965
1548266476.052570 0.415586472 -0.051251914 0.497402817 -0.081440397 -0.165391803 -0.032406341 0.982325196
1548266476.085640 0.434617758 -0.038677745 0.484371364 -0.075808562 -0.166169256 -0.031986833 0.982658505
1548266476.119450 0.428930283 -0.050081361 0.479525596 -0.076849505 -0.164197832 -0.028725430 0.983009696
1548266476.153120 0.417514414 -0.075911731 0.468635261 -0.079587102 -0.168187156 -0.028593075 0.982120872
1548266476.186690 0.427800238 -0.060605075 0.462428957 -0.073427469 -0.173816770 -0.026954036 0.981666744
1548266476.220210 0.443747342 -0.068460010 0.460163087 -0.072150573 -0.177535683 -0.024704196 0.981154978
1548266476.253720 0.425490946 -0.094084822 0.433865190 -0.073685810 -0.177994922 -0.024239914 0.980969250
1548266476.287240 0.444045514 -0.132573202 0.444343656 -0.077730492 -0.188501433 -0.022661369 0.978729606
1548266476.320750 0.437429965 -0.100069113 0.423213571 -0.067987457 -0.191946238 -0.021922149 0.978802204
1548266476.354060 0.441449165 -0.096694134 0.414830446 -0.064402282 -0.196640894 -0.020789089 0.978137255
1548266476.387390 0.457069784 -0.108682856 0.415246814 -0.064568415 -0.204165891 -0.019799549 0.976603925
1548266476.420900 0.470217258 -0.126011714 0.415351480 -0.064459212 -0.212094322 -0.019189168 0.974932194
1548266476.454420 0.500020742 -0.122828357 0.424279422 -0.059904732 -0.220188409 -0.019727457 0.973416328
1548266476.487920 0.468314856 -0.129675984 0.393082559 -0.057641868 -0.216248736 -0.019970957 0.974430621
1548266476.521410 0.474671632 -0.123012349 0.383256495 -0.051847417 -0.223560482 -0.020778086 0.973088324
1548266476.554950 0.470065832 -0.121150106 0.371546179 -0.045883905 -0.228314370 -0.021296831 0.972272456
1548266476.588460 0.467764676 -0.113540590 0.362556636 -0.040635422 -0.230326682 -0.021392127 0.972029209
1548266476.621960 0.489720225 -0.176633313 0.358607948 -0.048370510 -0.239143252 -0.019197911 0.969588697
1548266476.655480 0.464312196 -0.163556829 0.340369225 -0.041379269 -0.242905125 -0.020485179 0.968950570
1548266476.688990 0.479349196 -0.149133831 0.346837997 -0.034575310 -0.251135111 -0.022939114 0.967062294
1548266476.722530 0.461774141 -0.131154612 0.323303431 -0.028042426 -0.251290679 -0.025168676 0.967177927
1548266476.756050 0.445734531 -0.151318267 0.312358826 -0.029588340 -0.250649720 -0.024404401 0.967317760
1548266476.789560 0.453879446 -0.175709486 0.312168658 -0.030393645 -0.256455153 -0.026011961 0.965727925
1548266476.823100 0.447886318 -0.164801344 0.302020103 -0.025377270 -0.259042174 -0.028531935 0.965110898
1548266476.856590 0.469886333 -0.177198201 0.310487837 -0.024950542 -0.266531199 -0.028605523 0.963078558
1548266476.890110 0.460491270 -0.184246004 0.311314166 -0.024044545 -0.269050300 -0.029611450 0.962370515
1548266476.923630 0.459160000 -0.198417336 0.305229962 -0.024665639 -0.271310270 -0.030672854 0.961686850
1548266476.957140 0.448182464 -0.218890816 0.300058782 -0.027347099 -0.276533186 -0.030633077 0.960126638
1548266476.990660 0.431130171 -0.212784156 0.286938488 -0.024449233 -0.279918969 -0.031231215 0.959203959
1548266477.024170 0.407955766 -0.223644346 0.271678507 -0.024999810 -0.281771541 -0.032364406 0.958609581
1548266477.057690 0.420319170 -0.194579467 0.275652230 -0.019057814 -0.293953449 -0.033366594 0.955047071
1548266477.091240 0.418817163 -0.196982041 0.282899588 -0.018143574 -0.300135821 -0.034239456 0.953109086
1548266477.124770 0.414442360 -0.214728549 0.270072043 -0.020252872 -0.301668972 -0.035000466 0.952554822
1548266477.158270 0.407953143 -0.214066908 0.256414264 -0.019234721 -0.304741770 -0.036553681 0.951538920
1548266477.191790 0.412428379 -0.212555557 0.229828268 -0.016468232 -0.313091457 -0.037786540 0.948828101
1548266477.225310 0.400571913 -0.240459889 0.280472577 -0.018381769 -0.323636383 -0.042474806 0.945048928
1548266477.258820 0.392554611 -0.243469074 0.274976045 -0.016301615 -0.327769548 -0.046279013 0.943482697
1548266477.292220 0.375731349 -0.237966254 0.263043523 -0.012023154 -0.331633419 -0.049995828 0.942005932
1548266477.325740 0.386845827 -0.230468437 0.266952544 -0.008042571 -0.341418713 -0.053798866 0.938335896
1548266477.359450 0.387390703 -0.251257300 0.267500341 -0.008887179 -0.346935153 -0.058493555 0.936021090
1548266477.393320 0.380680650 -0.241229266 0.252770007 -0.005465639 -0.350585222 -0.061302554 0.934506357
1548266477.426840 0.371366680 -0.245464444 0.259825557 -0.004878571 -0.357872635 -0.063698940 0.931582451
1548266477.460360 0.383558214 -0.245863557 0.272089422 -0.002349987 -0.364642203 -0.068467297 0.928624153
1548266477.493870 0.388943315 -0.243668452 0.279677153 -0.002577841 -0.368156374 -0.067982130 0.927271605
1548266477.527390 0.371288508 -0.250946134 0.266806185 -0.003020424 -0.370927006 -0.071874097 0.925871551
1548266477.560740 0.364518464 -0.255770564 0.271819800 -0.003191133 -0.377029479 -0.074063987 0.923229754
1548266477.594260 0.373030633 -0.261841178 0.275007963 -0.004480762 -0.381206274 -0.074231625 0.921494126
1548266477.627760 0.369423181 -0.259694904 0.274549544 -0.005007309 -0.384818226 -0.073524922 0.920045614
1548266477.661270 0.377999455 -0.261189729 0.270011693 -0.005791238 -0.391593724 -0.072275348 0.917276978
1548266477.694810 0.385214716 -0.268375158 0.272585332 -0.006081859 -0.399501622 -0.076883964 0.913482547
1548266477.728320 0.370331019 -0.269274354 0.280069649 -0.007843356 -0.402929962 -0.077392720 0.911919057
1548266477.761840 0.368568450 -0.262431353 0.270772129 -0.007006408 -0.408032328 -0.079653785 0.909459054
1548266477.795360 0.376621187 -0.280965835 0.279353291 -0.008940662 -0.415492207 -0.083772376 0.905686736
1548266477.828850 0.363795251 -0.272812545 0.275450826 -0.008251151 -0.415996969 -0.085055582 0.905341923
1548266477.862350 0.371118516 -0.266465455 0.277106434 -0.007416100 -0.420580924 -0.084287107 0.903300822
1548266477.895850 0.385697275 -0.281940758 0.292013675 -0.008239680 -0.429595828 -0.087298341 0.898753881
1548266477.929360 0.381073296 -0.281382620 0.289027601 -0.006504794 -0.430442542 -0.090552680 0.898040712
1548266477.962840 0.371156484 -0.278001726 0.278113335 -0.004981902 -0.429935873 -0.091908976 0.898155391
1548266477.996360 0.377340049 -0.286788106 0.279069215 -0.004416867 -0.433395088 -0.094566092 0.896217883
1548266478.029870 0.384993821 -0.281828076 0.277126431 -0.002196291 -0.434992701 -0.096388564 0.895257354
1548266478.063430 0.375639200 -0.277323872 0.271141708 -0.001569282 -0.434051573 -0.096884817 0.895661831
1548266478.096900 0.381792575 -0.280981123 0.278287202 -0.000687770 -0.438752592 -0.100077137 0.893017530
1548266478.130240 0.405631304 -0.301004976 0.309931248 -0.001252239 -0.441970497 -0.105266638 0.890830755
1548266478.163540 0.400353312 -0.297678322 0.290172517 -0.002328338 -0.432157129 -0.108106859 0.895291984
1548266478.196940 0.389121175 -0.295175374 0.276380271 -0.004647193 -0.429404080 -0.108513176 0.896557510
1548266478.230450 0.395404607 -0.284232020 0.291736394 -0.003455401 -0.429754287 -0.112019546 0.895963728
1548266478.263970 0.384186208 -0.270720571 0.289412409 -0.004083601 -0.422818989 -0.111697868 0.899294734
1548266478.297600 0.397114158 -0.282296509 0.297047079 -0.007064726 -0.420629233 -0.111812688 0.900288343
1548266478.331120 0.410898030 -0.277207881 0.312373251 -0.006964991 -0.418629676 -0.111595586 0.901247561
1548266478.364640 0.404810578 -0.282278270 0.302898556 -0.009619014 -0.405944169 -0.110285915 0.907168031
1548266478.398150 0.390382171 -0.264551252 0.298414320 -0.009069368 -0.399818063 -0.106611870 0.910328090
1548266478.431520 0.395020038 -0.264307618 0.308105558 -0.009125648 -0.400326937 -0.105016299 0.910289288
1548266478.465180 0.421238363 -0.271009535 0.330241382 -0.009426206 -0.401212782 -0.106069654 0.909773946
1548266478.498740 0.409947991 -0.264131308 0.317137033 -0.010636400 -0.393094689 -0.104224615 0.913510025
1548266478.532260 0.417337865 -0.262717992 0.318846554 -0.011416315 -0.391736805 -0.103067562 0.914214969
1548266478.565780 0.415770888 -0.253623605 0.332746446 -0.010255356 -0.389214933 -0.103867479 0.915214777
1548266478.599290 0.414101541 -0.245318934 0.325667500 -0.009343187 -0.382730633 -0.104753107 0.917854428
1548266478.632810 0.413837224 -0.240402445 0.323955923 -0.008686388 -0.377997160 -0.105403632 0.919746041
1548266478.666430 0.416048974 -0.239275143 0.329730481 -0.008438053 -0.374979228 -0.105754219 0.920942664
1548266478.699980 0.412338138 -0.233950526 0.329836756 -0.007528867 -0.370139569 -0.107753403 0.922675014
1548266478.733460 0.417656809 -0.232144192 0.326430291 -0.007214779 -0.364326566 -0.108880982 0.924856246
1548266478.766870 0.418144196 -0.228148460 0.326371580 -0.007186542 -0.361829400 -0.108816139 0.925843894
1548266478.800390 0.421043336 -0.225963384 0.327920794 -0.007167883 -0.359882295 -0.109741397 0.926493466
1548266478.833760 0.427506924 -0.223313838 0.327710778 -0.006749360 -0.356805593 -0.110353574 0.927613199
1548266478.867270 0.415209293 -0.217296571 0.327669173 -0.007237126 -0.353749126 -0.108317479 0.929019094
1548266478.900790 0.411389321 -0.205368787 0.320510626 -0.005918039 -0.352573633 -0.108646743 0.929436743
1548266478.934310 0.431045502 -0.214384809 0.336059719 -0.007141870 -0.353585422 -0.109686419 0.928921521
1548266478.967820 0.428789049 -0.197694212 0.333958089 -0.005803317 -0.349701464 -0.107984938 0.930598974
1548266479.001340 0.426354468 -0.194765270 0.332695633 -0.006370912 -0.348050684 -0.107193947 0.931305289
1548266479.035050 0.432342887 -0.187156051 0.328486979 -0.005460409 -0.345297337 -0.108238705 0.932214737
1548266479.068570 0.437506407 -0.172170907 0.335010946 -0.004328141 -0.342011899 -0.108008824 0.933457673
1548266479.102250 0.430856884 -0.172637239 0.331060261 -0.007900167 -0.338203847 -0.104614772 0.935206652
1548266479.135720 0.448494166 -0.171880379 0.337188214 -0.008882471 -0.338672936 -0.104722723 0.935015976
1548266479.169140 0.463972032 -0.151760951 0.357733309 -0.006692973 -0.336687118 -0.105984479 0.935609043
1548266479.202630 0.446310610 -0.167300731 0.336565822 -0.012001191 -0.327225775 -0.106461994 0.938853085
1548266479.236170 0.441172332 -0.157464087 0.346486419 -0.011281103 -0.324481040 -0.108546570 0.939575672
1548266479.269730 0.438283831 -0.141208231 0.357796758 -0.009432166 -0.317999750 -0.108586140 0.941804767
1548266479.303240 0.445142835 -0.137471780 0.348903507 -0.009327949 -0.310514569 -0.108144708 0.944350779
1548266479.336760 0.440099716 -0.109691076 0.343709975 -0.005325944 -0.303178579 -0.108292051 0.946745574
1548266479.370280 0.457321078 -0.133476824 0.373126000 -0.009783378 -0.299151599 -0.105506256 0.948304296
1548266479.403790 0.457874268 -0.119191714 0.354703337 -0.008058655 -0.285947919 -0.103231438 0.952634335
1548266479.437310 0.439008176 -0.105490230 0.345607907 -0.007559244 -0.276008397 -0.102703676 0.955622435
1548266479.470780 0.453136474 -0.117101170 0.352795988 -0.010936031 -0.272224337 -0.101150721 0.956840038
1548266479.504300 0.471452743 -0.086513914 0.353341758 -0.007118985 -0.263561547 -0.098756209 0.959547698
1548266479.537860 0.451352179 -0.086232796 0.340947390 -0.009451875 -0.251266360 -0.096582189 0.963040888
1548266479.571370 0.458368689 -0.093613923 0.347125053 -0.011413411 -0.245501563 -0.095340833 0.964628875
1548266479.604850 0.473056972 -0.073689833 0.336703360 -0.009605699 -0.234234780 -0.091606736 0.967806816
1548266479.638350 0.458285660 -0.076313131 0.331115574 -0.011943430 -0.223057374 -0.089458510 0.970618367
1548266479.671820 0.486264735 -0.076754496 0.344355196 -0.013763286 -0.220371321 -0.087191746 0.971413732
1548266479.705270 0.494925708 -0.079573259 0.350898027 -0.016641926 -0.209089741 -0.083245091 0.974204719
1548266479.738750 0.495496571 -0.060051989 0.353074908 -0.016026426 -0.199499145 -0.080341220 0.976467371
1548266479.772270 0.461605728 -0.041241828 0.326121062 -0.015532909 -0.183639780 -0.077995330 0.979771316
1548266479.805780 0.473763078 -0.024089869 0.334107459 -0.014822859 -0.176311150 -0.076488025 0.981246293
1548266479.839300 0.529726923 -0.039314069 0.364658207 -0.019478848 -0.175378919 -0.072664589 0.981622458
1548266479.872810 0.500948906 -0.067441717 0.356218010 -0.027548144 -0.161458701 -0.071668021 0.983888149
1548266479.906600 0.521144390 -0.035440955 0.360894024 -0.023770414 -0.156142220 -0.070309848 0.984942198
1548266479.940190 0.539935827 -0.028417790 0.384191364 -0.024325617 -0.147740737 -0.070029661 0.986243784
1548266479.973710 0.505451679 -0.049161009 0.360465825 -0.029613627 -0.135707587 -0.069044635 0.987896383
1548266480.007220 0.518051565 -0.063196652 0.335457355 -0.033108886 -0.130773485 -0.068951845 0.988457263
1548266480.040690 0.516362071 -0.027366964 0.357215822 -0.028410371 -0.120848760 -0.067400351 0.989972532
1548266480.074200 0.520461679 -0.041855346 0.367947370 -0.031692684 -0.116300762 -0.065608926 0.990537822
1548266480.107820 0.521801651 -0.035161283 0.366187841 -0.031365279 -0.112085976 -0.063029818 0.991201401
1548266480.141370 0.522754312 -0.036599308 0.362977713 -0.033073261 -0.106467716 -0.060358033 0.991931319
1548266480.174890 0.504445076 -0.023504211 0.368925661 -0.031895116 -0.098682001 -0.058729410 0.992872298
1548266480.208400 0.518950224 -0.022052705 0.375353217 -0.032150846 -0.097717151 -0.057077244 0.993055820
1548266480.241920 0.522723913 -0.007454294 0.370905042 -0.030123999 -0.092538930 -0.055764612 0.993689775
1548266480.275440 0.517412663 -0.005502955 0.375770390 -0.030893458 -0.088234514 -0.055166822 0.994090974
1548266480.308950 0.534117401 -0.009147570 0.377164394 -0.032344546 -0.089043066 -0.054727253 0.993997037
1548266480.342440 0.533683896 -0.005119794 0.371641576 -0.031750612 -0.083303347 -0.054986734 0.994499326
1548266480.375940 0.530724943 -0.001277681 0.380750000 -0.031250939 -0.079747342 -0.054627292 0.994826376
1548266480.409460 0.561999559 -0.011125271 0.377572984 -0.032844685 -0.079820365 -0.054395299 0.994781911
1548266480.442970 0.507682979 0.005091291 0.369101405 -0.030568181 -0.062549904 -0.053251449 0.996151268
1548266480.476530 0.511877239 0.012125988 0.376540154 -0.030017933 -0.058752183 -0.051293682 0.996501923
1548266480.510110 0.551387072 0.007676680 0.370384574 -0.030430919 -0.059159111 -0.050276529 0.996517122
1548266480.543630 0.523007631 0.001172625 0.377992928 -0.030994374 -0.047003526 -0.047299657 0.997292697
1548266480.577040 0.523537099 0.014793105 0.378032118 -0.028750325 -0.043043572 -0.043093894 0.997729182
1548266480.610390 0.538510501 0.015994513 0.385803372 -0.027975477 -0.042506013 -0.041575417 0.997838676
1548266480.643900 0.536576271 -0.014476097 0.378095418 -0.033680663 -0.036953643 -0.039650347 0.997961879
1548266480.677440 0.534710705 -0.010634040 0.368782878 -0.033309635 -0.030988911 -0.035395224 0.998337269
1548266480.710960 0.523418009 0.000261698 0.378970981 -0.031485397 -0.024203071 -0.031242646 0.998722553
1548266480.744470 0.526050150 -0.003183874 0.376481324 -0.031992175 -0.020977832 -0.028183211 0.998870432
1548266480.777970 0.537359297 -0.004630229 0.379275709 -0.031522285 -0.019621924 -0.025437849 0.998986602
1548266480.811500 0.545547128 -0.013322266 0.373978406 -0.032215111 -0.016402354 -0.022214945 0.999099433
1548266480.845030 0.537214518 -0.022694901 0.369103938 -0.033086732 -0.010826395 -0.018403543 0.999224365
1548266480.878540 0.538002193 -0.037558816 0.373885363 -0.034298696 -0.008136534 -0.014545780 0.999272645
1548266480.912050 0.555182636 -0.015031101 0.374137431 -0.028601451 -0.008039277 -0.011880183 0.999487936
1548266480.945500 0.569056153 -0.012623675 0.376705170 -0.026331369 -0.007272231 -0.007822231 0.999596238
1548266480.978990 0.560202241 -0.043476444 0.354812384 -0.029256208 -0.001651744 -0.006327278 0.999550521
1548266481.012490 0.564087570 -0.050137728 0.353096902 -0.028250527 0.002218243 -0.002566325 0.999595106
1548266481.046010 0.575357080 -0.050491236 0.345278323 -0.026160847 0.004598919 0.000593059 0.999647021
1548266481.079520 0.574120402 -0.057855263 0.349647760 -0.025524093 0.009825908 0.004168378 0.999617219
1548266481.113050 0.573692501 -0.058998141 0.347661734 -0.022873512 0.012942992 0.007563168 0.999625981
1548266481.146550 0.577038169 -0.055045865 0.341829091 -0.019345608 0.015865099 0.010467444 0.999632180
1548266481.180060 0.576258719 -0.071854748 0.339441478 -0.019694392 0.020028258 0.013441973 0.999514997
1548266481.213570 0.574867189 -0.075612739 0.340223342 -0.017455649 0.022869680 0.016643684 0.999447465
1548266481.247090 0.589176416 -0.078816913 0.330920935 -0.014778044 0.022991715 0.018756045 0.999450445
1548266481.280610 0.592512846 -0.071299069 0.326976299 -0.010868805 0.028127594 0.021208310 0.999320209
1548266481.314120 0.602281868 -0.073289365 0.327378988 -0.008947319 0.030497633 0.024713330 0.999189198
1548266481.347630 0.604110181 -0.072699882 0.322231621 -0.006479292 0.033107132 0.025603190 0.999102771
1548266481.381150 0.598168731 -0.087489195 0.315717995 -0.006876868 0.038260564 0.026840353 0.998883605
1548266481.414670 0.608006716 -0.076596931 0.316932440 -0.002962413 0.040734246 0.028431438 0.998760998
1548266481.448190 0.605713308 -0.097376756 0.310058773 -0.004268778 0.045071576 0.028925700 0.998555779
1548266481.481700 0.612066746 -0.093079552 0.310749888 -0.001468806 0.048305273 0.031085530 0.998347700
1548266481.515210 0.610098600 -0.109764807 0.300810009 -0.001747786 0.052249193 0.031239757 0.998143792
1548266481.548720 0.615552008 -0.089247994 0.298830271 0.004205713 0.056377936 0.033354502 0.997843325
1548266481.582230 0.613060474 -0.098092496 0.306164294 0.004890092 0.059469827 0.035184171 0.997597873
1548266481.615740 0.615202785 -0.099321142 0.301738709 0.006525127 0.061222088 0.035050370 0.997487187
1548266481.649260 0.612090766 -0.095806509 0.301444769 0.009162646 0.063022383 0.036237467 0.997311890
1548266481.682790 0.615972400 -0.103559844 0.289529771 0.010394019 0.064770915 0.036208071 0.997188866
1548266481.716320 0.635471046 -0.111648209 0.291642070 0.010803831 0.066097841 0.037630174 0.997044802
1548266481.749820 0.623470724 -0.109495401 0.296799570 0.012522057 0.071464486 0.038425248 0.996624053
1548266481.783340 0.614817202 -0.096198626 0.291326433 0.016524000 0.072155014 0.039731078 0.996464789
1548266481.816860 0.637937188 -0.109854318 0.281390131 0.016300041 0.068537652 0.036302242 0.996854603
1548266481.850430 0.651806533 -0.108977705 0.287127882 0.017894458 0.070316538 0.037682686 0.996652067
1548266481.883960 0.627304077 -0.110782340 0.285758853 0.019590724 0.076401897 0.035416495 0.996255279
1548266481.917570 0.610132694 -0.110513955 0.293332070 0.022070365 0.082455993 0.035191800 0.995728612
1548266481.950780 0.615026295 -0.115449287 0.298402339 0.023444289 0.082069047 0.034358665 0.995758295
1548266481.984290 0.612598181 -0.120480739 0.298104584 0.024362162 0.085398264 0.032619547 0.995514750
1548266482.017970 0.609552145 -0.126250103 0.299528331 0.024982320 0.089633137 0.034390833 0.995067358
1548266482.051630 0.601127744 -0.122589737 0.300125182 0.026631333 0.087154463 0.033395123 0.995278656
1548266482.085150 0.622183740 -0.129584223 0.305938959 0.025399311 0.083960839 0.029225243 0.995716512
1548266482.118670 0.614742577 -0.131842688 0.312535465 0.025018120 0.086954325 0.028947046 0.995477319
1548266482.152150 0.615900278 -0.127685055 0.319098175 0.025311414 0.084229067 0.026094636 0.995783031
1548266482.185660 0.627199590 -0.120229073 0.327041119 0.025667639 0.082811229 0.021976257 0.995992243
1548266482.219180 0.616117775 -0.132672787 0.333310008 0.023436377 0.085271023 0.022496261 0.995828092
1548266482.252690 0.621060371 -0.130960956 0.340520352 0.023265831 0.081469759 0.019725015 0.996208966
1548266482.286210 0.618520498 -0.134784892 0.349925935 0.021990228 0.081315421 0.017556846 0.996291101
1548266482.319730 0.613184392 -0.125078201 0.357453734 0.022621892 0.080186278 0.014911409 0.996411562
1548266482.353240 0.613252819 -0.122504428 0.363831431 0.021172682 0.079022519 0.011433247 0.996582389
1548266482.386750 0.620198846 -0.122752860 0.369410843 0.019159136 0.077428013 0.011726759 0.996744871
1548266482.420260 0.610019863 -0.131349698 0.373070717 0.015197681 0.074666813 0.010484636 0.997037649
1548266482.453790 0.620116591 -0.123915218 0.387239873 0.013501753 0.068528600 0.009462312 0.997512877
1548266482.487310 0.618473530 -0.116794623 0.395961523 0.012419458 0.065811545 0.010846416 0.997695804
1548266482.520840 0.637211084 -0.118808314 0.399441242 0.009929664 0.061181534 0.011202926 0.998014390
1548266482.554360 0.629396379 -0.116195768 0.407210499 0.008946363 0.062409304 0.014405786 0.997906566
1548266482.587920 0.643808722 -0.112032168 0.414126575 0.008766365 0.057837289 0.014350712 0.998184383
1548266482.621440 0.645091891 -0.110160299 0.418297529 0.008055629 0.061258543 0.015004676 0.997976601
1548266482.654950 0.644081950 -0.114536270 0.420573235 0.006573276 0.062434200 0.017218266 0.997878909
1548266482.688470 0.639698982 -0.108113021 0.427508950 0.006379995 0.061621092 0.015840268 0.997953534
1548266482.721980 0.652672470 -0.108267277 0.429172575 0.005038914 0.059673756 0.012710462 0.998124301
1548266482.755520 0.650648952 -0.106482804 0.431917548 0.003957836 0.062226091 0.012283264 0.997978628
1548266482.789190 0.642819107 -0.101179726 0.435885489 0.003195122 0.061502095 0.011957656 0.998030186
1548266482.822700 0.642167747 -0.100414291 0.440670252 0.001596321 0.058156144 0.009336530 0.998262584
1548266482.856220 0.657025874 -0.084703833 0.445121109 0.002766645 0.056275904 0.008771783 0.998372912
1548266482.889740 0.639119685 -0.085763969 0.448889077 0.000945983 0.059024811 0.009134267 0.998214304
1548266482.923140 0.642342448 -0.089547999 0.450148761 -0.001247629 0.056717157 0.008069255 0.998356879
1548266482.956610 0.651850998 -0.085804984 0.456781924 -0.002103145 0.054242186 0.005864102 0.998508394
1548266482.990060 0.634607613 -0.086922027 0.457831442 -0.003921985 0.056835853 0.004140093 0.998367250
1548266483.023570 0.630979955 -0.088932425 0.464605272 -0.006186993 0.054472711 0.003080513 0.998491347
1548266483.057090 0.633583486 -0.082607768 0.464653254 -0.007206332 0.047914352 -0.000072004 0.998825431
1548266483.090610 0.640150070 -0.083118677 0.467846543 -0.009650581 0.043987747 -0.002559709 0.998982191
1548266483.124120 0.629110217 -0.078822322 0.462562859 -0.010578966 0.041408114 -0.004082148 0.999077976
1548266483.157640 0.624247432 -0.084945969 0.470856845 -0.013567715 0.038479779 -0.008103576 0.999134421
1548266483.191150 0.624466658 -0.091000587 0.472539425 -0.015728982 0.035243616 -0.009558497 0.999209285
1548266483.224670 0.633637011 -0.087864801 0.474517852 -0.015720889 0.030792303 -0.011719719 0.999333441
1548266483.258190 0.625296950 -0.090289302 0.474375099 -0.015737999 0.029427245 -0.012289621 0.999367476
1548266483.291700 0.635268152 -0.093065031 0.475733578 -0.015435473 0.024685308 -0.013255539 0.999488175
1548266483.325150 0.621649563 -0.093657196 0.474316984 -0.014452178 0.025772305 -0.013019910 0.999478519
1548266483.358670 0.627195835 -0.089206062 0.471167862 -0.011931561 0.022370011 -0.013928069 0.999581516
1548266483.392180 0.639532804 -0.090288706 0.472803771 -0.010592009 0.019421296 -0.014475632 0.999650478
1548266483.425700 0.635553002 -0.096091352 0.468649507 -0.009953523 0.019098621 -0.014708965 0.999659836
1548266483.459220 0.631696820 -0.086986676 0.466247916 -0.007000277 0.018589562 -0.015137775 0.999688089
1548266483.492680 0.630977094 -0.094244309 0.464670420 -0.007194183 0.017565981 -0.015731672 0.999696076
1548266483.526030 0.630515039 -0.093748137 0.462596804 -0.006288742 0.016295757 -0.015521985 0.999726951
1548266483.559540 0.630099416 -0.093190655 0.458201557 -0.005826770 0.015344424 -0.017121363 0.999718666
1548266483.593060 0.637385368 -0.091201402 0.455663353 -0.005107272 0.014197841 -0.017681245 0.999729812
1548266483.626650 0.639653802 -0.095750056 0.455482870 -0.005728804 0.013972437 -0.017665757 0.999729872
1548266483.660190 0.641779780 -0.095803902 0.455208033 -0.005737090 0.013987564 -0.017551389 0.999731660
1548266483.693690 0.638994753 -0.090601623 0.451465547 -0.005201695 0.014367522 -0.017918430 0.999722660
1548266483.727160 0.645108879 -0.087749608 0.452098101 -0.005205927 0.013882736 -0.018252308 0.999723494
1548266483.760670 0.643534541 -0.092953555 0.452296883 -0.006665661 0.015170985 -0.017211841 0.999714553
1548266483.794190 0.638913155 -0.086061820 0.451232851 -0.006378899 0.015831821 -0.017267026 0.999705195
1548266483.827730 0.641021371 -0.092215389 0.450517565 -0.008400987 0.015358393 -0.017201250 0.999698758
1548266483.861270 0.643887877 -0.091694415 0.448094487 -0.009222152 0.014219315 -0.017717473 0.999699354
1548266483.894800 0.646176994 -0.090225823 0.448499560 -0.009732802 0.014009384 -0.017449507 0.999702215
1548266483.928320 0.637601614 -0.092614859 0.447888553 -0.010638823 0.015361376 -0.016999301 0.999680877
1548266483.961830 0.647032738 -0.092266299 0.448450565 -0.011014258 0.014096141 -0.016430182 0.999704957
1548266483.995350 0.645740092 -0.094005570 0.447822541 -0.011524389 0.014690729 -0.015349520 0.999707878
1548266484.028920 0.649617851 -0.096379139 0.446567655 -0.011953046 0.014182180 -0.014957068 0.999716103
1548266484.062470 0.647401571 -0.095357344 0.444699466 -0.011513534 0.014945964 -0.013458381 0.999731421
1548266484.096430 0.651335955 -0.094582610 0.443431228 -0.011163621 0.014466944 -0.013326527 0.999744236
1548266484.130030 0.652004600 -0.087674394 0.441071063 -0.009920239 0.015023396 -0.012883793 0.999754906
1548266484.163540 0.649097145 -0.089217953 0.438665003 -0.010183821 0.014787789 -0.013134995 0.999752522
1548266484.197060 0.651506543 -0.090005383 0.440691262 -0.010621982 0.014330579 -0.014380327 0.999737442
1548266484.230580 0.645611882 -0.084925257 0.439434111 -0.010159021 0.014876552 -0.015320799 0.999720335
1548266484.264090 0.641863108 -0.083230697 0.437985033 -0.010492607 0.014034334 -0.016355637 0.999712706
1548266484.297610 0.649448395 -0.087078236 0.433858097 -0.011576093 0.012103030 -0.017628198 0.999704301
1548266484.331040 0.645691395 -0.084432460 0.434241205 -0.011555849 0.012799017 -0.018460222 0.999680936
1548266484.364560 0.641873956 -0.086720832 0.432822317 -0.012248659 0.013364992 -0.018176658 0.999670446
1548266484.398080 0.642502844 -0.084706567 0.433799773 -0.011864586 0.012212239 -0.017925296 0.999694347
1548266484.431590 0.652443409 -0.091220215 0.431070507 -0.012901259 0.011221223 -0.017934144 0.999692917
1548266484.465110 0.648002625 -0.091947183 0.430186629 -0.012394596 0.013584490 -0.016480783 0.999695063
1548266484.498300 0.636745393 -0.095318168 0.431020200 -0.011967006 0.015141984 -0.015019285 0.999700904
1548266484.531770 0.652420044 -0.095445395 0.427873373 -0.010684399 0.012554900 -0.015312398 0.999746859
